2.621818
2.309311
2.267428
2.344058
2.165905
2.347429
2.183715
2.143347
2.156278
1.969695
2.016709
1.789794
1.928638
1.933857
1.975598
1.805429
1.921617
1.789483
1.717881
1.952500
1.842588
1.889979
1.878532
2.002697
1.849483
1.910053
1.751204
1.745845
1.821714
1.806440
1.834106
1.829965
1.827692
1.796478
1.596513
1.570004
1.803170
1.540137
1.720001
1.696796
1.681181
1.568746
1.603192
1.742194
1.625607
1.636297
1.739411
1.568320
1.615235
1.543365
1.621554
1.669627
1.406925
1.714844
1.811683
1.643337
1.692087
1.808999
1.353541
1.760768
1.552709
1.632054
1.630244
1.479125
1.579686
1.416700
1.628595
1.552081
1.549407
1.859102
1.703716
1.734920
1.620584
1.729836
1.555458
1.538519
1.630622
1.488332
1.459514
1.528841
1.616096
1.430218
1.457663
1.400023
1.558272
1.593464
1.538816
1.524871
1.591889
1.284435
1.458416
1.518569
1.707867
1.469820
1.440990
1.474524
1.597365
1.471831
1.589193
1.395532
1.561271
1.504881
1.517666
1.505264
1.439185
1.567814
1.433736
1.372992
1.419812
1.458876
1.489970
1.502527
1.316429
1.609582
1.298861
1.459095
1.419622
1.490981
1.484910
1.447176
1.390105
1.434079
1.420315
1.709727
1.505148
1.477128
1.602382
1.617680
1.492809
1.358849
1.514443
1.387628
1.492019
1.471199
1.437079
1.499672
1.361201
1.458621
1.531196
1.477413
1.486697
1.253460
1.340071
1.321320
1.248504
1.416679
1.283204
1.457589
1.419399
1.397015
1.270879
1.361899
1.326339
1.442285
1.466227
1.335219
1.288802
1.359431
1.599765
1.391443
1.332894
1.418916
1.408272
1.469142
1.493027
1.316038
1.318797
1.618104
1.476948
1.516807
1.237997
1.331618
1.408464
1.379455
1.281440
1.265391
1.295367
1.300216
1.201163
1.239486
1.180152
1.516325
1.483302
1.304087
1.336241
1.183197
1.244673
1.377097
1.163219
1.238738
1.494446
1.395581
1.493417
1.166692
1.201993
1.308305
1.391404
1.201695
1.167672
1.251746
1.246740
1.167714
1.419932
1.196048
1.155750
1.273899
1.254189
1.136925
1.477254
1.332107
1.359411
1.261645
1.261165
1.347511
1.253045
1.392911
1.432763
1.414163
1.300532
1.390735
1.097595
1.287517
1.245752
1.147334
1.293068
1.197406
1.303861
1.205725
1.187152
1.245725
1.082812
1.342309
1.354928
1.205957
1.226049
1.241464
1.184376
1.155760
1.104028
1.250305
1.354840
1.335839
1.529138
1.097462
1.217680
1.237379
1.127652
1.066434
1.301854
1.265488
1.254806
1.220596
1.426862
1.238851
1.361820
1.300664
1.208972
1.214841
1.228685
1.084373
1.096594
1.069652
1.232638
1.101747
1.172460
1.223108
1.188190
1.305492
1.262877
1.111029
0.888958
1.097962
1.284103
1.224848
1.209004
1.153374
1.102664
0.996062
1.061877
1.235766
1.224440
1.240872
1.076228
0.901769
1.182474
1.316977
1.000445
1.304756
1.212868
0.839336
1.100617
1.279204
1.151001
1.122447
1.396873
1.079136
1.075091
1.277053
1.126463
1.207060
1.168787
1.137576
1.199332
1.143054
1.240474
1.208150
1.118693
1.116840
1.156492
1.159598
0.994843
1.156866
1.180683
1.095092
1.073273
1.024060
1.172206
1.027062
1.373648
1.392997
1.173375
1.101110
1.109905
1.265151
1.094004
1.044864
0.940461
1.175581
1.180944
1.092069
1.189327
1.033195
1.033632
0.996116
1.018371
1.179194
1.226933
1.156295
0.957318
1.062716
1.171633
1.164244
1.098815
0.947308
1.149965
1.224553
1.059005
1.043157
1.134771
1.052717
0.860345
1.056513
1.056736
1.189994
1.119354
1.090536
1.016220
1.263577
0.895260
1.086026
1.055166
0.983974
1.039474
0.894426
1.147295
1.226651
1.317430
1.107238
1.153384
1.063090
1.052367
1.203059
1.426953
1.099334
1.120118
1.114545
1.212028
1.014687
1.163267
0.939307
0.852960
1.079970
1.029177
1.000849
1.034850
1.097669
0.975131
1.147602
1.178002
0.934164
1.223247
1.052378
1.144776
1.060342
1.041477
0.964538
1.180404
1.178013
1.085370
1.131653
1.116112
1.044062
0.949704
1.144698
1.139044
1.028102
1.216994
1.005484
1.040538
1.054851
1.042427
1.202863
1.009847
1.105380
1.012385
1.085442
1.003257
1.051427
0.919771
0.917605
0.904275
0.904285
1.276435
0.947909
0.879128
0.994931
1.046923
1.123927
1.013749
0.995385
0.760149
1.059367
1.022341
0.995482
0.989702
1.039627
1.076839
0.933290
0.907793
1.169707
1.118816
0.972406
0.892280
1.061459
1.076722
0.868305
1.025224
0.874894
1.091565
1.047254
1.051722
1.109257
1.014784
1.013150
1.444404
0.954585
1.081246
1.065369
1.064188
0.985108
1.060283
0.963403
0.978660
0.859063
0.956223
0.908115
1.041732
0.961060
0.995586
0.918161
1.045298
0.925885
0.947463
0.873578
0.997640
0.933650
0.685011
0.938467
1.147041
1.080826
0.988110
0.943699
0.939988
0.810253
0.944569
0.948435
1.142918
0.989291
1.073382
1.038325
1.309520
1.002385
0.924134
0.982354
1.182765
0.904858
1.109704
1.170328
0.980214
0.870077
0.998032
0.936319
0.974217
0.961515
1.018983
0.818941
0.877781
0.934922
0.873024
0.965990
0.831975
0.838352
0.979529
0.881235
0.994978
0.964475
0.812321
0.927555
1.083903
1.050376
0.994762
0.869264
1.147496
0.953815
0.893609
0.929504
0.901503
0.804573
0.937227
0.906492
0.890517
0.978283
0.999958
1.076371
0.872584
0.973772
0.925158
0.983172
1.148875
0.958501
1.023208
0.871484
0.686186
0.948086
0.853323
1.082972
0.700164
0.937828
0.989357
0.942360
0.788177
0.770529
1.004944
1.005311
1.080907
0.882611
1.157962
0.966699
0.936702
0.963361
0.971440
0.955763
0.776035
0.947389
1.027516
0.923446
1.153332
0.852789
0.903020
1.078627
0.952483
0.913123
0.833117
0.757312
1.084006
1.064342
1.069121
0.953731
0.859487
0.962194
0.913072
1.014493
0.687565
1.032549
0.977823
0.991829
1.017676
1.010935
0.884854
0.950215
0.980647
0.984866
1.033121
0.920475
0.888223
0.992558
0.977331
0.985534
0.892154
0.885340
0.811482
0.944844
1.053470
0.854615
0.934849
0.880222
0.851461
0.849293
0.989130
0.861412
0.862080
0.741121
0.872826
1.040477
0.988307
1.034083
0.842579
0.740407
0.773347
1.028220
0.769224
1.165330
0.826775
1.143449
0.811844
0.910161
0.771853
0.903381
1.190647
1.074139
0.914913
0.937060
0.849410
0.932425
0.876760
0.771796
0.918868
0.808280
0.906152
0.936860
0.875724
0.954692
0.954905
0.911916
0.802475
1.014865
0.863072
1.027323
0.879631
0.835406
0.758679
0.715089
0.866344
0.999797
0.870942
0.966329
0.881159
1.031374
0.958483
0.844229
0.908532
0.922966
0.745514
0.906521
0.843174
0.707531
0.941203
0.741684
0.815437
0.906341
0.744081
1.028913
0.860761
0.917490
0.991754
1.046347
0.867282
0.877756
0.933725
1.024809
1.075432
0.820978
0.852511
0.865638
0.675398
0.848396
0.765714
1.115076
0.862941
0.903174
1.166037
0.837002
1.006613
0.841539
0.886075
0.889116
0.630749
0.992961
0.931740
0.975841
0.895434
0.943911
0.876067
0.886213
0.878399
0.837929
0.733316
0.831460
0.846236
0.929435
0.763832
0.834801
1.051975
0.995038
0.768989
0.781618
0.727385
0.614531
1.087258
0.935017
0.924105
0.778433
0.890474
0.794336
0.811204
0.847118
1.015053
0.851267
0.850415
0.896760
0.823881
0.741780
0.913555
0.975647
0.820065
0.991592
0.889916
0.978288
0.797718
0.814001
0.861953
1.047821
0.892206
0.821267
0.873517
0.831214
0.860459
0.925660
0.826448
0.736682
0.707495
0.823402
0.748760
0.764571
0.902727
0.948681
0.630667
0.782255
0.952061
0.747294
0.794345
0.859641
0.873006
1.014738
0.938267
0.925528
0.600620
0.856540
0.786543
0.872424
0.862395
0.869658
1.029149
0.700620
0.865428
1.004205
0.952433
0.939298
0.804366
0.780731
0.850317
0.693827
0.821462
0.978165
0.826985
0.886994
0.837023
0.940592
0.824411
0.878346
0.925819
0.799258
0.956172
0.760592
0.824179
0.760860
0.856024
0.785924
0.824285
0.658183
0.785332
0.814312
0.674035
1.047699
0.824571
0.940651
0.921424
0.667186
0.987635
0.836512
0.761834
0.713238
0.753124
0.759256
0.908905
0.728366
0.746311
0.803441
0.859696
0.888671
0.914677
0.894343
0.738456
0.730168
0.956005
0.837039
0.738332
0.773060
0.712922
1.060464
0.983393
0.819338
0.846946
0.796160
0.603180
0.807560
0.778986
0.652133
0.766174
0.885750
0.762069
0.918043
0.818274
0.786587
0.740149
0.925588
0.879860
0.864948
0.880179
0.899579
0.774688
0.658039
0.825548
0.708807
0.812740
0.934951
0.736185
0.856896
0.910389
0.901523
0.626467
0.686303
0.675894
0.862116
0.789553
0.969548
0.819544
0.651793
0.798396
0.861286
0.738715
0.814905
0.763570
0.718926
0.756794
0.782944
0.743793
0.896573
0.857238
0.749444
0.773058
0.762587
0.864441
0.731262
0.628366
0.730445
0.612836
0.513084
0.774946
0.960880
0.879877
0.784014
0.682046
0.780250
0.712145
0.805278
0.817816
0.978301
0.867483
0.741610
0.830535
0.668912
0.820991
0.791765
0.675061
0.756705
0.853043
0.678364
0.638013
0.716743
0.711782
0.974961
0.815953
0.606853
0.752337
0.709631
0.878494
0.687397
0.954740
0.816494
0.810805
0.811455
0.643694
0.735206
0.606071
0.896009
0.840310
0.742493
0.908004
0.864509
0.747156
0.932179
0.845232
0.565195
0.872011
0.772878
0.846446
0.729744
0.702761
0.646847
0.636744
0.702282
0.663870
0.722348
0.752805
0.850624
0.774264
0.799798
0.691363
0.774833
0.806174
0.669867
0.661636
0.890474
0.822147
0.703056
0.848685
0.717764
0.728391
0.900327
0.633592
0.753945
0.777404
0.735898
0.768541
0.776221
0.626378
0.771686
0.781115
0.926210
0.769787
0.849795
0.906399
0.660736
0.825050
0.693812
0.889578
0.981572
0.765517
0.731913
0.752703
0.783535
0.699919
0.786366
0.973190
0.585996
0.796406
0.774820
0.958127
0.940036
0.765332
0.816378
0.797587
0.789332
0.887566
0.891960
0.666957
0.720290
0.698142
0.849031
0.726736
0.704040
0.760772
0.881008
0.635111
0.662161
0.898068
0.816411
0.663341
0.775248
0.752347
0.682255
0.666796
0.755953
0.809519
0.836800
0.762188
0.928501
0.777085
0.853697
0.700652
0.874390
0.783168
0.646623
0.941957
0.748981
0.782935
0.696829
0.680537
0.710455
0.854318
0.785363
0.712585
0.813626
0.822523
0.688541
0.743123
0.650255
0.661285
0.930561
0.855043
0.639836
0.614359
0.825406
0.702771
0.817266
0.826861
0.712825
0.744386
0.702994
0.840647
0.796149
0.766442
0.779325
0.648352
0.890568
0.691136
0.745398
0.755601
0.657208
0.754003
0.807648
0.844993
0.698145
0.836262
0.754784
0.839037
0.700531
0.773212
0.817566
0.672604
0.743795
0.784891
0.612133
0.733204
0.764572
0.702271
0.764587
0.703920
0.713011
0.557212
0.880124
0.621721
0.685856
0.820132
0.959082
0.680693
0.819303
0.645015
0.624860
0.741700
0.856423
0.843554
0.706159
0.678888
0.721830
0.830412
0.836082
0.632695
0.706622
0.749109
0.963847
0.745541
0.673903
0.657013
0.799553
0.763375
0.652207
0.805607
0.652381
0.859318
0.854736
0.627460
0.672423
0.640519
0.753707
0.869375
0.677410
0.770532
0.707294
0.755894
0.781346
0.741230
0.847324
0.920336
0.916257
0.659164
0.755814
0.827153
0.700853
0.683915
0.889145
0.707892
0.690588
0.784646
0.687461
0.674878
0.773146
0.674775
0.740650
0.769474
0.754717
0.818144
0.836521
0.655573
0.705373
0.761937
0.764165
0.651702
0.700113
0.818555
0.642972
0.603003
0.832364
0.698637
0.593849
0.730013
0.683404
0.774941
0.742697
0.590912
0.752994
0.731640
0.604408
0.608409
0.654324
0.734909
0.843861
0.827834
0.675378
0.728211
0.747552
0.513771
0.706521
0.606574
0.622624
0.675296
0.746623
0.812148
0.728129
0.674467
0.625420
0.677079
0.739086
0.710142
0.607902
0.685472
0.627293
0.859307
0.739765
0.718315
0.622962
0.732218
0.879149
0.598386
0.683071
0.750064
0.597363
0.487099
0.672619
0.597847
0.462588
0.661480
0.569707
0.651808
0.783347
0.732303
0.638708
0.697162
0.616376
0.708532
0.841221
0.642985
0.586240
0.747289
0.592652
0.881218
0.591195
0.849272
0.642522
0.540965
0.761674
0.553123
0.810724
0.644621
0.688642
0.837123
0.670675
0.559008
0.680720
0.734712
0.586301
0.637287
0.687379
0.569359
0.741619
0.838771
0.675292
0.824699
0.742828
0.610531
0.603553
0.584502
0.467309
0.745397
0.651211
0.777169
0.874710
0.482893
0.838267
0.554681
0.562024
0.844102
0.608875
0.635604
0.684951
0.641097
0.891179
0.619503
0.683110
0.762409
0.789747
0.581280
0.686908
0.779408
0.588237
0.606247
0.863512
0.615231
0.732773
0.788031
0.603534
0.609947
0.664037
0.708052
0.579211
0.707533
0.747371
0.834704
0.764889
0.685336
0.685472
0.673219
0.622482
0.688817
0.636294
0.614637
0.881028
0.751853
0.825521
0.760257
0.655365
0.579228
0.767518
0.883801
0.604911
0.800220
0.617696
0.883750
0.628660
0.637666
0.572799
0.537929
0.625865
0.575360
0.593994
0.718034
0.834519
0.666216
0.654202
0.599864
0.648984
0.638698
0.570736
0.641571
0.687554
0.597110
0.647416
0.761663
0.783318
0.926528
0.697345
0.696517
0.819399
0.742327
0.620800
0.634341
0.612444
0.692799
0.564738
0.598473
0.751403
0.670927
0.727725
0.719087
0.730722
0.793869
0.638869
0.795161
0.589685
0.677800
0.676779
0.656682
0.711742
0.757212
0.719888
1.056828
0.557405
0.638857
0.702107
0.660775
0.827085
0.532995
0.784020
0.566329
0.860883
0.613341
0.522342
0.681465
0.604487
0.689656
0.720256
0.764441
0.725458
0.622316
0.926991
0.634720
0.630139
0.647522
0.765562
0.793120
0.667785
0.804502
0.523006
0.789875
0.543375
0.644700
0.711104
0.672299
0.697940
0.628013
0.785739
0.524558
0.550569
0.720200
0.780474
0.632132
0.579704
0.669266
0.602697
0.506596
0.686320
0.809231
0.610744
0.598926
0.853562
0.694762
0.651736
0.549096
0.758682
0.740856
0.746091
0.685718
0.784226
0.571632
0.633739
0.566408
0.712267
0.561493
0.645202
0.600458
0.598658
0.699766
0.704062
0.688084
0.679145
0.888277
0.622218
0.520238
0.716965
0.725127
0.736862
0.533705
0.618155
0.774596
0.687083
0.712710
0.724238
0.735006
0.765578
0.659252
0.605808
0.645068
0.661347
0.724027
0.771530
0.578691
0.727597
0.657627
0.681786
0.665639
0.778448
0.603663
0.727894
0.729892
0.631632
0.710979
0.655358
0.658564
0.532575
0.559180
0.750922
0.645637
0.723180
0.702932
0.712179
0.579777
0.508778
0.642727
0.564948
0.658257
0.789827
0.701510
0.816694
0.769517
0.702934
0.793144
0.686414
0.698879
0.585378
0.597118
0.550040
0.730681
0.737951
0.629694
0.804832
0.728321
0.677472
0.753899
0.641011
0.795379
0.640749
0.706427
0.639131
0.571598
0.587203
0.598797
0.715329
0.634816
0.670317
0.477850
0.551264
0.833311
0.619176
0.776022
0.705187
0.453151
0.549830
0.532215
0.611214
0.807363
0.485373
0.605684
0.625167
0.817974
0.710601
0.691076
0.577546
0.708559
0.584480
0.660793
0.795085
0.747667
0.716824
0.793207
0.568293
0.599669
0.658251
0.661535
0.738377
0.676351
0.729053
0.699557
0.694445
0.604114
0.664951
0.774309
0.661824
0.769633
0.638430
0.617894
0.649429
0.799047
0.588923
0.550172
0.650992
0.631492
0.536673
0.600646
0.727703
0.638844
0.693192
0.677943
0.765659
0.579966
0.843413
0.571961
0.607082
0.599534
0.663862
0.632169
0.633331
0.555091
0.789792
0.770849
0.650164
0.720125
0.662138
0.589583
0.529510
0.501047
0.610645
0.802630
0.668933
0.535511
0.615129
0.633673
0.713153
0.794128
0.613296
0.582442
0.545439
0.665674
0.495909
0.554798
0.697530
0.699108
0.667801
0.525245
0.662122
0.441398
0.723288
0.486944
0.623191
0.640237
0.736027
0.544203
0.684339
0.468649
0.657183
0.569672
0.593755
0.668460
0.821002
0.644868
0.667115
0.634164
0.641043
0.707493
0.432411
0.557677
0.610008
0.660478
0.601648
0.632591
0.686918
0.562165
0.590591
0.663748
0.553364
0.594054
0.672143
0.577681
0.509839
0.565482
0.622178
0.581747
0.494838
0.543280
0.668151
0.624305
0.469917
0.599123
0.657755
0.534432
0.718795
0.665998
0.561895
0.705443
0.561220
0.726627
0.511055
0.661702
0.570891
0.809902
0.658513
0.501378
0.496538
0.593686
0.577092
0.640782
0.721921
0.521603
0.671835
0.654223
0.669602
0.596984
0.649631
1.126511
0.620757
0.645029
0.620627
0.567929
0.615136
0.557928
0.717995
0.682279
0.608324
0.596905
0.750065
0.602245
0.698226
0.593640
0.621739
0.492183
0.507767
0.489153
0.574898
0.682061
0.584857
0.640921
0.673161
0.573416
0.786689
0.684840
0.576050
0.678275
0.700129
0.612307
0.657191
0.658736
0.680319
0.701202
0.463115
0.441960
0.619991
0.651747
0.636021
0.521331
0.501880
0.680924
0.633581
0.586615
0.451311
0.654274
0.726907
0.468493
0.583095
0.888411
0.563431
0.676896
0.563851
0.654636
0.584600
0.570455
0.559629
0.522665
0.741103
0.588886
0.674036
0.674776
0.495586
0.825520
0.619980
0.753343
0.721235
0.673131
0.624894
0.573872
0.595634
0.675976
0.748626
0.690288
0.520633
0.498399
0.502395
0.631417
0.452139
0.492608
0.523504
0.554717
0.566202
0.549570
0.661363
0.785114
0.668153
0.661286
0.607581
0.531973
0.528177
0.759277
0.564708
0.683316
0.539587
0.597888
0.629483
0.785948
0.639273
0.632796
0.684642
0.643563
0.595868
0.551084
0.720287
0.683806
0.593217
0.649005
0.676161
0.662448
0.618968
0.580612
0.716159
0.671967
0.639485
0.558196
0.654057
0.685094
0.458386
0.637720
0.526695
0.502899
0.546810
0.665952
0.700112
0.585561
0.520475
0.530124
0.589368
0.536642
0.513273
0.640840
0.543835
0.586258
0.591677
0.863233
0.549487
0.625659
0.546118
0.667688
0.709617
0.473681
0.637052
0.415097
0.684897
0.529474
0.426057
0.608461
0.430077
0.717909
0.632823
0.459508
0.496722
0.496237
0.604145
0.681827
0.649011
0.641274
0.713470
0.603416
0.343097
0.730506
0.605732
0.642925
0.641773
0.776569
0.571090
0.673058
0.749751
0.685158
0.529899
0.685358
0.601533
0.546372
0.729825
0.605249
0.531198
0.672814
0.572032
0.465597
0.581551
0.568324
0.634577
0.657046
0.743363
0.739117
0.640729
0.509515
0.466656
0.587054
0.648034
0.651370
0.588828
0.677724
0.608105
0.624958
0.610613
0.534904
0.698379
0.513778
0.604237
0.643877
0.521203
0.635746
0.438148
0.499359
0.585523
0.523464
0.404904
0.572463
0.660603
0.694363
0.480810
0.616175
0.599221
0.783804
0.562263
0.640056
0.554017
0.479634
0.615226
0.651631
0.718873
0.719808
0.547965
0.645784
0.557627
0.667640
0.564826
0.648643
0.612988
0.587801
0.668406
0.480681
0.647581
0.486961
0.800380
0.526939
0.675010
0.485354
0.552754
0.532024
0.581757
0.595863
0.565395
0.731107
0.584013
0.619255
0.528125
0.543141
0.681735
0.496648
0.497177
0.754984
0.537267
0.621432
0.604269
0.469166
0.582273
0.400713
0.490966
0.672215
0.633447
0.666312
0.671942
0.681769
0.689100
0.646505
0.642480
0.474150
0.728101
0.496888
0.544010
0.550991
0.573892
0.626220
0.591623
0.591023
0.506485
0.500287
0.931049
0.597310
0.611507
0.576851
0.530958
0.781339
0.463335
0.453037
0.537736
0.496672
0.658144
0.709598
0.689988
0.585582
0.597969
0.607400
0.598694
0.663288
0.750680
0.573158
0.547298
0.543192
0.566247
0.580346
0.491466
0.536094
0.560707
0.610882
0.530347
0.597650
0.550406
0.580768
0.522566
0.510935
0.631912
0.531121
0.469531
0.578054
0.633759
0.510123
0.608896
0.556274
0.559570
0.627529
0.576884
0.682692
0.499470
0.778040
0.630629
0.409802
0.555565
0.471261
0.549552
0.447588
0.607195
0.588203
0.616046
0.561671
0.571063
0.593028
0.634728
0.562486
0.506329
0.627757
0.718670
0.578987
0.589493
0.679192
0.595746
0.692091
0.606107
0.553549
0.607111
0.626563
0.616331
0.441906
0.553204
0.519390
0.448415
0.646400
0.470765
0.592346
0.564169
0.609878
0.558660
0.514845
0.358595
0.533970
0.479743
0.540869
0.560077
0.617874
0.522386
0.483183
0.521342
0.742879
0.554682
0.507533
0.523020
0.652051
0.500084
0.522022
0.462210
0.547333
0.570777
0.479240
0.560305
0.460576
0.442234
0.762298
0.542913
0.722264
0.394694
0.523934
0.566141
0.515360
0.585115
0.546324
0.550219
0.543388
0.640825
0.609615
0.818570
0.533261
0.548884
0.531918
0.574538
0.525835
0.540682
0.552740
0.560557
0.678314
0.555217
0.620232
0.516805
0.615334
0.545537
0.661288
0.628513
0.635153
0.592250
0.518651
0.621469
0.578390
0.556511
0.611714
0.526917
0.514793
0.416036
0.435755
0.594027
0.628656
0.540146
0.494007
0.511070
0.562402
0.440162
0.634331
0.425605
0.564117
0.645174
0.569443
0.506916
0.521843
0.720528
0.757971
0.481559
0.599007
0.561553
0.550780
0.605397
0.497496
0.386181
0.652533
0.512782
0.437713
0.516877
0.593691
0.568742
0.543980
0.575859
0.536070
0.552045
0.429802
0.681729
0.530996
0.516618
0.534576
0.529136
0.615144
0.534210
0.655876
0.610683
0.397452
0.523937
0.488095
0.451607
0.428494
0.501164
0.488860
0.456764
0.520678
0.474546
0.634657
0.461461
0.467836
0.638487
0.683128
0.485784
0.491819
0.556580
0.590644
0.813866
0.615460
0.471726
0.581816
0.520815
0.542369
0.672432
0.436500
0.614810
0.634209
0.644703
0.517617
0.498837
0.543261
0.432093
0.443581
0.549154
0.421605
0.570898
0.606600
0.501451
0.588635
0.694883
0.619603
0.472679
0.509072
0.518522
0.516096
0.549844
0.541970
0.473680
0.617320
0.570022
0.523185
0.618230
0.451253
0.477420
0.489204
0.487836
0.397494
0.620383
0.431101
0.513091
0.363681
0.616636
0.593482
0.404582
0.574131
0.624183
0.399952
0.495815
0.510363
0.403346
0.432850
0.697975
0.641015
0.521279
0.432739
0.576349
0.605308
0.679581
0.437265
0.503550
0.550910
0.629495
0.667457
0.632176
0.487162
0.676762
0.566670
0.543670
0.635070
0.500642
0.548696
0.667454
0.504148
0.548258
0.569640
0.579605
0.513361
0.547626
0.509711
0.565566
0.548719
0.507076
0.612380
0.488595
0.581262
0.393043
0.383362
0.393613
0.558076
0.453912
0.622873
0.571643
0.627082
0.549248
0.615077
0.551979
0.578533
0.763624
0.524275
0.653646
0.588184
0.626533
0.735858
0.491014
0.616591
0.498862
0.474738
0.465065
0.697416
0.463594
0.502014
0.500355
0.517808
0.591091
0.603177
0.443371
0.515895
0.548591
0.600254
0.502021
0.486588
0.734361
0.608452
0.585956
0.446135
0.543856
0.688804
0.622588
0.652911
0.548255
0.628863
0.545633
0.453988
0.742197
0.628301
0.519296
0.432089
0.444962
0.520814
0.361077
0.580357
0.655685
0.448275
0.536884
0.625026
0.710224
0.459051
0.568404
0.582019
0.456632
0.548570
0.463653
0.498966
0.826431
0.675916
0.604067
0.442793
0.481012
0.441326
0.535789
0.585873
0.479035
0.688856
0.501550
0.576025
0.727921
0.702371
0.378879
0.577332
0.682648
0.624120
0.553555
0.508654
0.825240
0.505362
0.557797
0.459462
0.484320
0.518356
0.546833
0.577424
0.584275
0.703789
0.538690
0.660731
0.597521
0.577836
0.686771
0.570294
0.453791
0.579617
0.744127
0.610766
0.509414
0.577150
0.411087
0.576876
0.372430
0.424151
0.654308
0.642232
0.574805
0.496733
0.527889
0.485497
0.493648
0.474268
0.489727
0.562267
0.547901
0.408399
0.611696
0.534562
0.464135
0.535013
0.631031
0.510033
0.432623
0.461472
0.516007
0.453504
0.635327
0.418003
0.452802
0.430571
0.485189
0.435430
0.474989
0.719146
0.548461
0.415875
0.428959
0.354784
0.430346
0.527165
0.492628
0.516474
0.515094
0.456903
0.587938
0.463332
0.592383
0.566625
0.551774
0.539463
0.410712
0.531579
0.442548
0.489499
0.480012
0.494849
0.482304
0.522638
0.549394
0.606439
0.547143
0.422932
0.473443
0.365354
0.480140
0.439428
0.614686
0.588255
0.524911
0.503939
0.471780
0.647941
0.627713
0.750421
0.638536
0.585502
0.553892
0.571173
0.436425
0.554360
0.537867
0.512452
0.512418
0.660139
0.550326
0.550404
0.550347
0.538873
0.407089
0.624898
0.547482
0.464736
0.558215
0.470941
0.602428
0.669126
0.503172
0.488175
0.424182
0.595178
0.486074
0.457037
0.531091
0.504339
0.523201
0.450813
0.515420
0.558323
0.445667
0.654192
0.602709
0.364503
0.473952
0.580643
0.439753
0.603163
0.553913
0.555270
0.550380
0.581533
0.376500
0.662667
0.528760
0.587859
0.519705
0.394321
0.372798
0.676366
0.426753
0.558406
0.506322
0.511863
0.588739
0.501210
0.556376
0.469626
0.607512
0.456281
0.484952
0.628695
0.489961
0.597911
0.567508
0.498140
0.467194
0.655243
0.498148
0.536643
0.395470
0.430436
0.431571
0.409433
0.474327
0.599078
0.397683
0.523618
0.675179
0.473987
0.465581
0.864035
0.418873
0.599335
0.534303
0.562422
0.449275
0.475792
0.430983
0.420745
0.601429
0.628129
0.383633
0.507004
0.461104
0.628412
0.630185
0.504873
0.599306
0.610294
0.526800
0.508047
0.401457
0.423948
0.494198
0.530182
0.567917
0.535858
0.512279
0.493319
0.492329
0.647335
0.345486
0.412692
0.611304
0.362892
0.557810
0.507505
0.402222
0.435199
0.443723
0.412644
0.372879
0.459479
0.515927
0.488464
0.536688
0.643837
0.602477
0.507087
0.557416
0.337569
0.469825
0.531212
0.554632
0.533782
0.580865
0.512088
0.567003
0.465096
0.633134
0.510127
0.637876
0.373981
0.563688
0.662589
0.557516
0.495839
0.417607
0.575767
0.503853
0.555550
0.635993
0.648276
0.420596
0.478589
0.361590
0.587759
0.635660
0.460407
0.465476
0.471481
0.468098
0.575516
0.474833
0.510149
0.419725
0.551255
0.460578
0.554504
0.401346
0.440611
0.604970
0.538476
0.458466
0.520568
0.416405
0.598448
0.562636
0.425610
0.471767
0.501506
0.521333
0.661258
0.492210
0.492448
0.464860
0.395577
0.449322
0.422249
0.609959
0.435788
0.484146
0.426703
0.515652
0.669644
0.485743
0.594387
0.562274
0.563186
0.504655
0.457826
0.565235
0.549883
0.420831
0.626980
0.551118
0.398319
0.596073
0.412793
0.685462
0.539312
0.399173
0.529981
0.723776
0.526341
0.470774
0.535294
0.538535
0.569249
0.453347
0.535863
0.603067
0.410623
0.509137
0.470177
0.518366
0.713690
0.509164
0.515137
0.735298
0.522301
0.468404
0.477161
0.487891
0.488288
0.532707
0.471910
0.597035
0.462427
0.382935
0.543505
0.492540
0.581924
0.467364
0.610420
0.425135
0.546803
0.544194
0.414810
0.689965
0.467818
0.538609
0.601815
0.533218
0.531666
0.596408
0.541711
0.604744
0.433953
0.463147
0.449582
0.587045
0.451504
0.400283
0.658719
0.460281
0.515265
0.552615
0.495932
0.541879
0.596079
0.415256
0.556663
0.633987
0.547221
0.282992
0.529310
0.442797
0.500951
0.500931
0.726379
0.545251
0.533962
0.539620
0.464610
0.474240
0.420988
0.565897
0.560769
0.486096
0.496790
0.498415
0.486105
0.455085
0.507413
0.471376
0.611150
0.603675
0.628718
0.418365
0.505669
0.543156
0.365884
0.497734
0.481523
0.513724
0.503308
0.560912
0.362217
0.563104
0.379922
0.431601
0.449087
0.467324
0.654516
0.471424
0.442779
0.414246
0.689802
0.697615
0.399863
0.586309
0.486484
0.514806
0.432614
0.379074
0.460814
0.702533
0.442889
0.450067
0.699286
0.664229
0.501479
0.449058
0.559362
0.418870
0.509508
0.345250
0.520043
0.427776
0.560979
0.545426
0.449151
0.482853
0.679171
0.577470
0.348056
0.439608
0.506141
0.493637
0.456483
0.614682
0.654768
0.380106
0.515985
0.498370
0.408599
0.427130
0.443531
0.361600
0.447307
0.510128
0.472272
0.551592
0.499405
0.493081
0.404122
0.497268
0.498430
0.566603
0.531073
0.415216
0.505085
0.572867
0.565499
0.595407
0.387813
0.392915
0.481538
0.586914
0.493872
0.441456
0.539960
0.514075
0.467916
0.529998
0.452813
0.492883
0.587736
0.400035
0.534799
0.521443
0.491093
0.493785
0.390840
0.323960
0.479415
0.508435
0.451690
0.298852
0.363653
0.622347
0.460753
0.255988
0.515214
0.459030
0.532011
0.504937
0.504135
0.483297
0.488934
0.474607
0.492589
0.538902
0.389523
0.534858
0.511719
0.430666
0.278290
0.349818
0.441010
0.387023
0.502798
0.438365
0.416636
0.424489
0.368830
0.512435
0.457695
0.415760
0.552408
0.431887
0.447712
0.528897
0.393770
0.636023
0.670106
0.599606
0.383673
0.542511
0.682939
0.441156
0.471662
0.439479
0.469420
0.484941
0.587824
0.468110
0.472947
0.639013
0.507048
0.436009
0.375695
0.495510
0.392089
0.502824
0.596430
0.267549
0.372568
0.518133
0.400098
0.425929
0.490571
0.590135
0.575078
0.365680
0.455248
0.562263
0.510305
0.439536
0.376366
0.315207
0.644537
0.405922
0.648528
0.408013
0.504548
0.510646
0.417614
0.487368
0.459819
0.554255
0.589857
0.512982
0.638385
0.434561
0.558663
0.603210
0.545700
0.395516
0.550498
0.407716
0.404169
0.445363
0.558751
0.380983
0.613696
0.420125
0.582081
0.456956
0.316485
0.709682
0.532727
0.428945
0.508285
0.627632
0.516193
0.529937
0.451536
0.472470
0.343056
0.438109
0.516792
0.323272
0.515581
0.495331
0.423471
0.509031
0.496945
0.473704
0.383504
0.420128
0.447882
0.494374
0.525514
0.354179
0.610186
0.414473
0.451919
0.448610
0.534241
0.432099
0.554517
0.554400
0.624298
0.469127
0.422734
0.505411
0.559086
0.507269
0.620125
0.466624
0.425326
0.480884
0.342301
0.439864
0.649823
0.617772
0.409149
0.356594
0.402138
0.505008
0.519691
0.359547
0.466326
0.452903
0.389861
0.523950
0.503358
0.491203
0.360223
0.538845
0.425512
0.549683
0.462683
0.484926
0.366526
0.402358
0.393381
0.635632
0.483212
0.511737
0.663404
0.460198
0.381193
0.350713
0.522273
0.352693
0.374912
0.474014
0.520310
0.459293
0.577535
0.463504
0.390022
0.525112
0.449495
0.426874
0.521040
0.410060
0.526928
0.491005
0.448860
0.439744
0.530771
0.327426
0.411173
0.455687
0.444457
0.460143
0.381543
0.574454
0.416055
0.354474
0.423033
0.500631
0.309173
0.442772
0.439222
0.521168
0.383523
0.420324
0.425911
0.355748
0.388443
0.462798
0.405934
0.524199
0.460720
0.643055
0.432783
0.497533
0.494820
0.461721
0.439976
0.488818
0.369748
0.461268
0.486975
0.693933
0.524134
0.614762
0.645931
0.452913
0.474626
0.454371
0.420286
0.505958
0.596632
0.496473
0.328286
0.563939
0.416837
0.458474
0.553666
0.433170
0.609684
0.437347
0.513024
0.609536
0.601000
0.598150
0.587321
0.617185
0.550828
0.521842
0.419322
0.478282
0.496708
0.466582
0.501824
0.460620
0.485027
0.500419
0.596922
0.494700
0.365038
0.484426
0.412268
0.480954
0.315726
0.326610
0.444582
0.512113
0.279038
0.434262
0.594613
0.561854
0.478913
0.524588
0.404800
0.521150
0.548759
0.489228
0.503626
0.486888
0.455474
0.423858
0.529684
0.548421
0.395698
0.465683
0.537145
0.356707
0.517788
0.608404
0.440961
0.480708
0.391766
0.378857
0.579682
0.448502
0.506467
0.481860
0.468251
0.389811
0.441059
0.405734
0.471218
0.423536
0.405522
0.347248
0.401679
0.489053
0.466186
0.388638
0.568379
0.489016
0.363926
0.443401
0.460114
0.332209
0.371503
0.626404
0.283744
0.504084
0.392393
0.452538
0.631014
0.363075
0.461654
0.422040
0.496133
0.526266
0.425138
0.507284
0.432101
0.561757
0.351315
0.295978
0.282173
0.441877
0.317949
0.515438
0.645222
0.419683
0.275611
0.403347
0.338991
0.368895
0.315208
0.461403
0.456182
0.383052
0.387317
0.345239
0.490943
0.381419
0.373165
0.431024
0.419156
0.252928
0.392029
0.494824
0.408972
0.381278
0.488801
0.456557
0.410396
0.433656
0.557280
0.354325
0.377930
0.432042
0.564448
0.545166
0.362987
0.456482
0.456334
0.392839
0.414808
0.399500
0.501569
0.495674
0.553810
0.441243
0.501697
0.492471
0.527838
0.473439
0.667305
0.410615
0.556518
0.379576
0.454721
0.447636
0.478077
0.489818
0.451571
0.346771
0.473799
0.416048
0.507667
0.538303
0.429377
0.483836
0.463732
0.522559
0.543718
0.330919
0.448786
0.529549
0.450454
0.525589
0.408263
0.451803
0.404936
0.535070
0.521192
0.533740
0.466668
0.445978
0.594498
0.323925
0.570834
0.441340
0.464405
0.426176
0.608352
0.349150
0.441424
0.522817
0.528371
0.486200
0.409571
0.690058
0.553429
0.421736
0.436451
0.412230
0.489426
0.477369
0.454604
0.307675
0.419224
0.555360
0.407454
0.311300
0.373293
0.415729
0.355484
0.460976
0.484175
0.353572
0.571037
0.557114
0.473857
0.418671
0.542581
0.585663
0.528211
0.460654
0.561232
0.338490
0.416663
0.367659
0.499028
0.435666
0.445550
0.492787
0.334913
0.405007
0.545767
0.406168
0.416637
0.482484
0.524583
0.276707
0.358229
0.487265
0.382899
0.425535
0.406628
0.589369
0.364773
0.373987
0.486269
0.344669
0.340184
0.460069
0.332973
0.429364
0.312334
0.382798
0.345828
0.469875
0.448579
0.266818
0.421966
0.570358
0.400497
0.437351
0.402431
0.506786
0.421346
0.409609
0.408282
0.517626
0.455834
0.379389
0.438905
0.490027
0.550802
0.511078
0.351457
0.631487
0.387294
0.350061
0.582099
0.426050
0.434467
0.573579
0.352847
0.471821
0.432574
0.321521
0.453252
0.481526
0.575351
0.488669
0.506655
0.535745
0.441073
0.472439
0.445599
0.375121
0.367885
0.394137
0.509386
0.671714
0.496761
0.541641
0.503981
0.507466
0.402942
0.467413
0.469319
0.433331
0.360404
0.382735
0.563420
0.363629
0.418644
0.536095
0.436399
0.405305
0.519863
0.408244
0.454928
0.456099
0.379706
0.551590
0.495702
0.515983
0.347736
0.460031
0.408094
0.446327
0.412128
0.480541
0.678280
0.449346
0.372570
0.387149
0.462314
0.479118
0.562380
0.536300
0.447462
0.503613
0.575699
0.314899
0.448051
0.296186
0.536137
0.618444
0.400078
0.481307
0.493172
0.527390
0.481389
0.657589
0.507240
0.459187
0.457010
0.359690
0.370602
0.528660
0.432612
0.420078
0.449543
0.513217
0.472040
0.480939
0.371224
0.522737
0.436377
0.399015
0.495326
0.458722
0.375517
0.609518
0.538536
0.374558
0.489493
0.433786
0.502859
0.441601
0.397112
0.462122
0.490665
0.430515
0.495282
0.511844
0.292119
0.542533
0.485274
0.431082
0.392205
0.464349
0.273346
0.418654
0.467492
0.396452
0.444591
0.353934
0.459352
0.549495
0.357434
0.452971
0.430500
0.316583
0.442394
0.468194
0.416453
0.452261
0.659627
0.564425
0.587056
0.429447
0.393931
0.334770
0.500759
0.435289
0.352310
0.480400
0.410315
0.400588
0.535470
0.388961
0.270529
0.321903
0.313275
0.316147
0.383129
0.499720
0.447389
0.290878
0.351278
0.453020
0.347477
0.508201
0.398008
0.274814
0.437564
0.570175
0.451346
0.344838
0.361296
0.499328
0.333309
0.418448
0.245076
0.432548
0.413794
0.517522
0.517360
0.430083
0.495961
0.414514
0.508054
0.393099
0.424645
0.523097
0.606212
0.454338
0.531185
0.438126
0.430609
0.363104
0.475055
0.289154
0.432648
0.410463
0.436574
0.429148
0.395071
0.502788
0.420760
0.327479
0.326125
0.465171
0.406283
0.425592
0.561545
0.390055
0.413576
0.290757
0.373184
0.405005
0.421918
0.416497
0.405877
0.482933
0.410131
0.276659
0.504369
0.466161
0.335760
0.382140
0.379566
0.379924
0.383266
0.560309
0.421329
0.350127
0.444668
0.567310
0.473264
0.459761
0.488061
0.335284
0.502040
0.381572
0.557507
0.376047
0.373404
0.312992
0.360283
0.331509
0.350940
0.477581
0.346734
0.297811
0.435541
0.298279
0.364720
0.395806
0.290818
0.529577
0.357901
0.578998
0.391145
0.329546
0.525532
0.411544
0.544530
0.581345
0.432044
0.369069
0.384805
0.683884
0.300975
0.434857
0.423232
0.325133
0.463314
0.409097
0.380354
0.463367
0.434091
0.332307
0.438312
0.582919
0.310056
0.625618
0.315950
0.416204
0.398875
0.376437
0.412245
0.361350
0.390888
0.377120
0.480988
0.430012
0.394807
0.521062
0.442565
0.311214
0.357542
0.388174
0.375316
0.264293
0.394699
0.572031
0.453217
0.400244
0.618665
0.497162
0.464744
0.373263
0.256088
0.378872
0.521371
0.482265
0.353002
0.511398
0.425010
0.530730
0.390115
0.379914
0.460665
0.434204
0.374595
0.373672
0.455637
0.406741
0.374658
0.353156
0.251940
0.388586
0.388305
0.439853
0.467526
0.302978
0.414845
0.383046
0.389502
0.370770
0.271582
0.406059
0.344193
0.311374
0.330577
0.471158
0.371478
0.453348
0.349919
0.475228
0.459349
0.404176
0.320627
0.433887
0.406320
0.449898
0.583685
0.452781
0.478527
0.474261
0.449918
0.457841
0.316587
0.352700
0.407034
0.366430
0.455894
0.490258
0.350637
0.414919
0.401375
0.433123
0.479742
0.410851
0.493004
0.449349
0.316125
0.390458
0.432617
0.456465
0.401962
0.288573
0.374339
0.464044
0.448009
0.328908
0.467376
0.356851
0.279228
0.403492
0.419542
0.314536
0.279152
0.389720
0.578211
0.402456
0.417362
0.515470
0.426501
0.422306
0.480115
0.323993
0.364540
0.420072
0.416583
0.556118
0.474475
0.417906
0.395202
0.340282
0.427306
0.377363
0.407779
0.348778
0.447974
0.449663
0.417076
0.424436
0.428007
0.556871
0.451704
0.294325
0.481396
0.514847
0.399661
0.299193
0.487786
0.429293
0.388623
0.375044
0.381633
0.340113
0.420852
0.413235
0.422517
0.481214
0.444225
0.522211
0.448191
0.429766
0.464426
0.385954
0.435980
0.357376
0.235542
0.414888
0.405884
0.404328
0.398879
0.418346
0.374031
0.476380
0.342209
0.380428
0.302882
0.506318
0.350510
0.329981
0.359359
0.525174
0.477053
0.470911
0.645040
0.458806
0.389562
0.354583
0.458534
0.322437
0.463576
0.427172
0.545403
0.344443
0.353201
0.464912
0.525937
0.328435
0.391453
0.449399
0.456519
0.452616
0.470917
0.406717
0.382275
0.390198
0.601194
0.504122
0.490817
0.394533
0.458450
0.550047
0.377378
0.490499
0.376204
0.338728
0.478029
0.569532
0.301003
0.401910
0.322278
0.350423
0.471795
0.469677
0.509251
0.431363
0.437273
0.355059
0.367133
0.502536
0.433628
0.354338
0.392250
0.575164
0.424921
0.520608
0.391731
0.347796
0.379681
0.289672
0.392028
0.464860
0.497567
0.444769
0.357893
0.443059
0.303477
0.287674
0.403876
0.512912
0.425749
0.376924
0.418830
0.410609
0.429956
0.348336
0.296605
0.586946
0.331914
0.446380
0.336271
0.522636
0.483154
0.349764
0.412415
0.511661
0.345062
0.585278
0.470703
0.392599
0.417056
0.536374
0.447566
0.394315
0.315304
0.552943
0.550849
0.394033
0.429635
0.386740
0.371366
0.326372
0.531339
0.386700
0.460053
0.351608
0.245221
0.429226
0.497995
0.488496
0.372378
0.438009
0.461927
0.368588
0.526050
0.399874
0.493772
0.288367
0.491565
0.378750
0.407773
0.456337
0.536579
0.596697
0.510610
0.446601
0.353868
0.587530
0.302538
0.427662
0.354795
0.457406
0.399325
0.385990
0.417584
0.434660
0.282965
0.455539
0.425639
0.299921
0.352319
0.332882
0.382358
0.493841
0.372784
0.351255
0.348851
0.481496
0.362334
0.342976
0.509688
0.378454
0.294785
0.510799
0.489289
0.387637
0.463480
0.299418
0.432855
0.385922
0.344888
0.478511
0.446195
0.393413
0.319886
0.292734
0.447190
0.430502
0.358435
0.344719
0.335912
0.278747
0.457016
0.345911
0.342682
0.465976
0.433994
0.367803
0.335873
0.272716
0.396353
0.317388
0.357387
0.445973
0.422697
0.542023
0.462516
0.458436
0.538620
0.538864
0.279925
0.308754
0.440591
0.404430
0.308051
0.365940
0.435767
0.370288
0.349522
0.377463
0.325195
0.427788
0.250155
0.287054
0.393543
0.465240
0.390503
0.392982
0.383790
0.495675
0.294212
0.284050
0.467877
0.308666
0.358511
0.313249
0.384236
0.378249
0.354928
0.407238
0.527004
0.474147
0.331515
0.343454
0.380678
0.474891
0.478913
0.314654
0.446198
0.303255
0.298716
0.421135
0.554948
0.372234
0.421046
0.293874
0.393139
0.284992
0.434492
0.432230
0.427206
0.398680
0.380566
0.337602
0.424065
0.313903
0.248239
0.475305
0.449982
0.325413
0.538915
0.378112
0.377003
0.582243
0.402322
0.401086
0.364780
0.397254
0.211223
0.441198
0.303261
0.330803
0.391401
0.315092
0.460910
0.414141
0.367853
0.513411
0.428737
0.367166
0.345545
0.445320
0.418447
0.375461
0.343765
0.390427
0.402777
0.352983
0.339247
0.380328
0.227502
0.452238
0.568655
0.391291
0.337457
0.395774
0.391715
0.387683
0.278773
0.289931
0.365180
0.406603
0.360075
0.515304
0.466738
0.263097
0.502919
0.462938
0.348116
0.265860
0.305191
0.275525
0.414024
0.324860
0.476571
0.439908
0.396513
0.393995
0.298658
0.290854
0.322360
0.291761
0.508418
0.407079
0.361767
0.259463
0.362213
0.323308
0.350326
0.296264
0.359304
0.423309
0.592107
0.337938
0.464223
0.331283
0.282791
0.359007
0.427128
0.300048
0.341714
0.436057
0.351653
0.412382
0.489920
0.342258
0.520780
0.267667
0.368616
0.397682
0.446141
0.512860
0.309003
0.446815
0.407344
0.479914
0.381324
0.499503
0.269067
0.291596
0.353084
0.382683
0.363116
0.451429
0.396209
0.298581
0.386986
0.406210
0.423414
0.397394
0.392492
0.381420
0.352209
0.471930
0.489045
0.434632
0.429552
0.258451
0.358529
0.444341
0.368620
0.439390
0.374161
0.344811
0.275296
0.468959
0.346220
0.273377
0.459972
0.269976
0.381902
0.344097
0.388573
0.297604
0.436310
0.366969
0.376401
0.445162
0.296441
0.380871
0.225591
0.408368
0.344040
0.500830
0.406236
0.295052
0.581979
0.507083
0.428056
0.477717
0.348818
0.413978
0.334057
0.446384
0.490360
0.349248
0.414042
0.395297
0.382807
0.415503
0.410217
0.388839
0.378877
0.395920
0.276841
0.332596
0.370563
0.265285
0.395703
0.408574
0.438701
0.454010
0.365266
0.526225
0.519179
0.352684
0.481184
0.374345
0.428774
0.378006
0.381668
0.402332
0.394296
0.437259
0.309062
0.554695
0.454911
0.451450
0.362587
0.484322
0.501351
0.349317
0.381815
0.317689
0.380936
0.343016
0.383694
0.428424
0.385306
0.452503
0.422545
0.321986
0.389919
0.475365
0.353270
0.387461
0.345666
0.427751
0.338080
0.380142
0.486554
0.573221
0.379595
0.486931
0.291458
0.444168
0.642839
0.340735
0.291014
0.362823
0.360309
0.466556
0.421083
0.505827
0.293291
0.296782
0.469560
0.401128
0.483092
0.485356
0.419463
0.503250
0.400294
0.399560
0.312027
0.380038
0.506463
0.411468
0.413433
0.486930
0.328346
0.328977
0.487344
0.419065
0.415530
0.418083
0.367067
0.396045
0.474379
0.457407
0.377624
0.484805
0.437179
0.433900
0.455533
0.454082
0.357271
0.539586
0.487912
0.555295
0.431562
0.406267
0.455214
0.406800
0.357738
0.510641
0.501970
0.351809
0.373685
0.444825
0.268917
0.365447
0.430227
0.327396
0.376898
0.326396
0.295426
0.439363
0.359884
0.435582
0.281487
0.399815
0.453787
0.248217
0.237251
0.249974
0.414143
0.434513
0.437126
0.309891
0.323202
0.461000
0.307029
0.318009
0.482495
0.368458
0.325629
0.351705
0.305422
0.400078
0.432680
0.356664
0.290110
0.357877
0.277532
0.436750
0.372473
0.448486
0.371012
0.158495
0.460438
0.321016
0.423931
0.364662
0.230651
0.570404
0.435001
0.431548
0.625957
0.480904
0.333915
0.378247
0.484002
0.292133
0.379284
0.397991
0.481146
0.422198
0.377979
0.349231
0.428668
0.394130
0.443361
0.457024
0.340442
0.295111
0.378448
0.454876
0.410127
0.369073
0.334625
0.285989
0.557673
0.448894
0.313993
0.367655
0.380268
0.498079
0.474110
0.333364
0.403467
0.405512
0.469046
0.281299
0.383606
0.266544
0.397836
0.323869
0.311312
0.428374
0.269343
0.527198
0.339266
0.383348
0.279332
0.369808
0.304391
0.414499
0.221385
0.403418
0.475252
0.306539
0.307719
0.485214
0.317819
0.466111
0.224535
0.298775
0.417159
0.479596
0.323362
0.352556
0.496337
0.287088
0.403849
0.379168
0.276439
0.397688
0.353260
0.392177
0.380291
0.486472
0.312008
0.307910
0.459513
0.369943
0.319123
0.402119
0.338856
0.343572
0.528912
0.445913
0.318723
0.343128
0.304452
0.338422
0.371066
0.357557
0.499706
0.449326
0.384638
0.315705
0.396316
0.463708
0.359918
0.396559
0.335625
0.312564
0.435354
0.439958
0.418857
0.353793
0.332528
0.461647
0.243561
0.540599
0.337206
0.447303
0.325138
0.347501
0.338392
0.420819
0.325849
0.403188
0.458288
0.249858
0.485784
0.282401
0.411189
0.366460
0.345260
0.325634
0.360520
0.324337
0.476256
0.510764
0.362878
0.489607
0.497164
0.351562
0.503194
0.550382
0.418804
0.302372
0.378773
0.328450
0.319738
0.443603
0.386951
0.415298
0.374834
0.377677
0.399609
0.384215
0.358200
0.305723
0.318216
0.496411
0.213069
0.241593
0.413147
0.378844
0.423262
0.285970
0.353230
0.218796
0.374981
0.403482
0.362445
0.361006
0.386910
0.390717
0.368549
0.298301
0.385460
0.371754
0.408461
0.397946
0.416619
0.229959
0.409825
0.380233
0.487807
0.303421
0.313764
0.394195
0.253539
0.228220
0.396345
0.482768
0.441379
0.351365
0.440578
0.370602
0.340725
0.301631
0.285755
0.401449
0.259558
0.390516
0.310197
0.411248
0.372379
0.293935
0.258373
0.398803
0.362980
0.334800
0.289617
0.273297
0.223575
0.467458
0.290136
0.335150
0.451773
0.351355
0.346841
0.646494
0.347831
0.426455
0.296964
0.531637
0.433890
0.438681
0.360524
0.352809
0.364986
0.267797
0.247567
0.249007
0.314844
0.379799
0.343589
0.457739
0.253056
0.403453
0.339214
0.471090
0.470665
0.290919
0.443101
0.406992
0.390004
0.314645
0.449220
0.337734
0.440977
0.367955
0.349528
0.393548
0.362871
0.489117
0.268632
0.414904
0.363839
0.423882
0.472948
0.379941
0.538928
0.336531
0.388503
0.401614
0.361155
0.328072
0.344309
0.484282
0.417032
0.377019
0.322694
0.322795
0.329361
0.452011
0.323616
0.472874
0.404614
0.333447
0.381855
0.367232
0.345659
0.333476
0.343918
0.431617
0.343968
0.298275
0.360974
0.255701
0.350109
0.411032
0.389193
0.257094
0.302646
0.357025
0.464178
0.334695
0.347770
0.335059
0.459822
0.324285
0.365498
0.401371
0.316306
0.495158
0.395661
0.332073
0.272907
0.334147
0.279974
0.324904
0.345489
0.376610
0.409727
0.426578
0.244815
0.328400
0.339969
0.421663
0.510263
0.348712
0.393979
0.335682
0.344185
0.321584
0.366284
0.391708
0.323573
0.375082
0.404168
0.330149
0.322466
0.325278
0.348326
0.414002
0.507651
0.358390
0.390082
0.377175
0.590521
0.408505
0.386734
0.279969
0.350328
0.350415
0.429203
0.427892
0.257433
0.403535
0.372647
0.370534
0.326860
0.534020
0.260239
0.464082
0.392981
0.314289
0.461909
0.301780
0.306574
0.245893
0.336972
0.419300
0.308225
0.385114
0.330991
0.234774
0.507331
0.273247
0.254946
0.378099
0.355035
0.351499
0.352944
0.335309
0.431331
0.425068
0.367131
0.252624
0.461397
0.321945
0.401977
0.221172
0.379950
0.206825
0.279170
0.384271
0.352397
0.407583
0.330670
0.325035
0.459379
0.333133
0.292562
0.420857
0.255066
0.305903
0.278142
0.369661
0.412372
0.280558
0.348887
0.333347
0.249256
0.221216
0.373297
0.355330
0.438401
0.211199
0.318902
0.300388
0.446440
0.350403
0.440064
0.276259
0.360617
0.494612
0.241170
0.275436
0.373143
0.406299
0.278035
0.277374
0.328934
0.393765
0.361760
0.361396
0.333476
0.606794
0.358427
0.456582
0.307636
0.335601
0.379091
0.272778
0.337273
0.340620
0.359413
0.286126
0.315827
0.426462
0.287267
0.369846
0.264011
0.443747
0.306372
0.277916
0.284246
0.272543
0.289287
0.313157
0.259585
0.328458
0.408207
0.363866
0.350189
0.265215
0.349827
0.391837
0.357325
0.319045
0.264552
0.364005
0.324997
0.365327
0.332917
0.420756
0.325164
0.333688
0.369964
0.384068
0.351336
0.303471
0.386995
0.323060
0.302279
0.296020
0.458961
0.291142
0.393549
0.374797
0.285985
0.235793
0.269165
0.297643
0.378338
0.346012
0.388022
0.289370
0.282695
0.353895
0.497445
0.316732
0.430188
0.382132
0.381999
0.424267
0.392559
0.432942
0.413025
0.303867
0.563383
0.271408
0.506375
0.336548
0.464244
0.282172
0.432027
0.293406
0.234685
0.352340
0.587264
0.388287
0.304393
0.327916
0.340717
0.425527
0.347100
0.198450
0.437047
0.428382
0.474179
0.291259
0.222783
0.268323
0.303464
0.314932
0.205333
0.211884
0.494942
0.353269
0.394261
0.360655
0.301057
0.381029
0.401319
0.397079
0.531807
0.408477
0.414036
0.356288
0.378046
0.443206
0.289660
0.353353
0.374349
0.375939
0.266419
0.356641
0.224108
0.335745
0.414144
0.271675
0.309111
0.451873
0.323524
0.251835
0.216617
0.362930
0.488865
0.339031
0.397543
0.337301
0.400744
0.203042
0.373463
0.266059
0.368985
0.396769
0.316218
0.385134
0.236906
0.408320
0.341054
0.395249
0.518064
0.433189
0.304039
0.350527
0.472866
0.264352
0.352445
0.475898
0.370269
0.337241
0.327855
0.357118
0.322768
0.431528
0.369652
0.234075
0.448097
0.443313
0.315097
0.405081
0.305453
0.396980
0.265405
0.447122
0.314025
0.177603
0.306772
0.419348
0.319291
0.286687
0.278714
0.345944
0.262499
0.319565
0.432137
0.472166
0.237694
0.204589
0.266620
0.304467
0.365508
0.249209
0.326314
0.468379
0.427066
0.349908
0.445520
0.369757
0.296678
0.371153
0.295117
0.283206
0.251874
0.400812
0.439233
0.257562
0.366486
0.451347
0.424413
0.353520
0.339919
0.225126
0.329272
0.428394
0.489312
0.492222
0.355821
0.252141
0.385744
0.241082
0.372520
0.252402
0.322727
0.250278
0.349160
0.269519
0.253220
0.312809
0.282478
0.456244
0.282756
0.240648
0.351707
0.327759
0.404308
0.323580
0.259601
0.330878
0.443611
0.256521
0.263143
0.330974
0.286782
0.319920
0.393048
0.356843
0.334728
0.483606
0.323828
0.380678
0.298535
0.358668
0.287554
0.372511
0.322698
0.338796
0.331808
0.334263
0.328468
0.386331
0.374592
0.383239
0.370468
0.377401
0.340980
0.458410
0.280970
0.340111
0.511885
0.378276
0.336408
0.359769
0.296459
0.391262
0.383942
0.244220
0.573703
0.267194
0.321660
0.332664
0.447474
0.323208
0.310493
0.383867
0.286023
0.329163
0.298207
0.345826
0.466485
0.279744
0.390456
0.365516
0.250309
0.308884
0.379017
0.335186
0.411124
0.251119
0.401790
0.319862
0.258672
0.372157
0.319021
0.440564
0.363768
0.226329
0.355032
0.361860
0.446182
0.306900
0.407775
0.274113
0.286410
0.389292
0.241870
0.361105
0.360266
0.366184
0.415174
0.262582
0.583931
0.429679
0.337719
0.267133
0.492032
0.441497
0.408385
0.282384
0.307591
0.315685
0.267834
0.290982
0.369248
0.250147
0.317950
0.332084
0.219447
0.274249
0.246421
0.255543
0.309835
0.227021
0.345637
0.209452
0.243300
0.363738
0.230490
0.256928
0.359593
0.315848
0.272675
0.371379
0.204294
0.218613
0.360292
0.273358
0.249152
0.409882
0.380468
0.390475
0.309941
0.380839
0.370644
0.395898
0.393820
0.302774
0.278541
0.297517
0.397078
0.340604
0.390782
0.286575
0.287706
0.268149
0.479151
0.303983
0.245479
0.339694
0.269636
0.432530
0.291757
0.298486
0.363815
0.272242
0.313943
0.295861
0.462582
0.386475
0.356217
0.225162
0.284571
0.337026
0.430998
0.296620
0.276520
0.324211
0.380014
0.411773
0.287501
0.468952
0.359750
0.455749
0.236485
0.396986
0.371995
0.245705
0.332028
0.291032
0.367223
0.248980
0.185627
0.386443
0.413036
0.284260
0.241560
0.310809
0.389429
0.229201
0.365345
0.313709
0.382737
0.376247
0.281057
0.296302
0.337170
0.318686
0.302871
0.377328
0.209876
0.335419
0.300497
0.320748
0.294143
0.278908
0.307772
0.269837
0.186144
0.324056
0.404806
0.274343
0.232911
0.280022
0.352914
0.271450
0.250032
0.332613
0.423534
0.347508
0.327439
0.268346
0.435403
0.210598
0.213625
0.237584
0.309307
0.293562
0.314353
0.212191
0.315144
0.376771
0.322446
0.386719
0.219944
0.366497
0.261492
0.354586
0.353953
0.432605
0.571850
0.282057
0.471409
0.333821
0.406636
0.391786
0.362944
0.367865
0.225938
0.266867
0.328777
0.414529
0.304714
0.425835
0.303794
0.409056
0.229476
0.359640
0.360724
0.402705
0.407674
0.216453
0.274877
0.295061
0.328369
0.319725
0.282569
0.216535
0.237408
0.349934
0.322051
0.441473
0.425969
0.247421
0.379760
0.359475
0.499062
0.315588
0.327961
0.296175
0.361030
0.360357
0.250259
0.331291
0.423865
0.428512
0.243905
0.269878
0.483978
0.341258
0.474953
0.351548
0.241532
0.366588
0.440201
0.273514
0.235057
0.286315
0.313340
0.420794
0.292426
0.337952
0.360125
0.257792
0.267891
0.219728
0.287202
0.365079
0.305432
0.227969
0.261630
0.259227
0.618230
0.203680
0.265222
0.330878
0.277140
0.292693
0.320914
0.301716
0.358547
0.248297
0.311594
0.264178
0.253347
0.347376
0.377303
0.311175
0.219711
0.345472
0.363237
0.216591
0.343988
0.333706
0.421602
0.314040
0.426846
0.347090
0.517566
0.403373
0.290459
0.303770
0.316130
0.297251
0.409514
0.210492
0.329797
0.329196
0.363677
0.283621
0.302054
0.498615
0.474519
0.329175
0.336114
0.351516
0.500117
0.234160
0.367806
0.286605
0.322367
0.306635
0.268847
0.269700
0.362567
0.264425
0.306307
0.422776
0.237934
0.453901
0.333803
0.311291
0.297615
0.390637
0.314200
0.254372
0.355677
0.405095
0.349679
0.241773
0.239510
0.362040
0.400837
0.380961
0.426883
0.422973
0.429001
0.455597
0.413213
0.395394
0.302207
0.406945
0.276820
0.207022
0.408862
0.373477
0.288350
0.375700
0.297810
0.239639
0.288611
0.283113
0.362239
0.256340
0.423280
0.474371
0.258421
0.283011
0.457888
0.498571
0.437092
0.393270
0.379153
0.271028
0.343709
0.295791
0.386137
0.330098
0.392379
0.413057
0.484685
0.280345
0.259552
0.366855
0.349074
0.424433
0.420605
0.303986
0.237964
0.401724
0.450447
0.266198
0.316897
0.232429
0.409097
0.310494
0.291885
0.367283
0.364848
0.319253
0.248069
0.432972
0.387516
0.352807
0.347729
0.248803
0.318973
0.258430
0.315834
0.223622
0.263064
0.282475
0.375122
0.242539
0.373992
0.337935
0.339951
0.425814
0.455305
0.266001
0.378193
0.298489
0.397229
0.323644
0.446189
0.341169
0.316315
0.251439
0.260703
0.309123
0.351132
0.276714
0.446929
0.273230
0.364542
0.333028
0.420963
0.425438
0.204127
0.481906
0.253224
0.296772
0.217884
0.490818
0.406815
0.392655
0.350474
0.291646
0.254769
0.239386
0.273445
0.390468
0.478200
0.282788
0.334725
0.240592
0.227277
0.266900
0.355739
0.251291
0.478765
0.415091
0.313566
0.291136
0.308732
0.276096
0.267322
0.236414
0.201958
0.451646
0.377356
0.249237
0.318879
0.316038
0.304743
0.271476
0.292888
0.249642
0.293627
0.293346
0.238518
0.295674
0.287376
0.234278
0.394679
0.222632
0.324242
0.365196
0.371469
0.259117
0.277862
0.315575
0.431264
0.277865
0.317246
0.345232
0.217179
0.229853
0.208409
0.285085
0.229964
0.260390
0.195092
0.306127
0.285767
0.195253
0.330093
0.304559
0.390543
0.286687
0.376803
0.286729
0.324158
0.290354
0.291575
0.388275
0.343947
0.233246
0.275606
0.150196
0.239665
0.274562
0.280720
0.300570
0.335077
0.249790
0.211687
0.227270
0.189681
0.241929
0.285767
0.453676
0.229205
0.424969
0.277028
0.313079
0.384367
0.268773
0.131107
0.357894
0.349255
0.384547
0.365304
0.293029
0.264076
0.324717
0.355094
0.234423
0.372179
0.252235
0.444638
0.209118
0.276304
0.239686
0.440240
0.402735
0.306424
0.350482
0.249715
0.252406
0.256208
0.352264
0.257740
0.378315
0.518094
0.310102
0.447239
0.430636
0.365482
0.276160
0.286821
0.386190
0.339767
0.385385
0.276469
0.376918
0.386455
0.265365
0.243280
0.302331
0.246168
0.235087
0.290064
0.247388
0.367614
0.333989
0.347547
0.317979
0.409085
0.227355
0.298885
0.356817
0.280974
0.371858
0.414228
0.270330
0.298314
0.211231
0.316404
0.368300
0.273757
0.384052
0.284591
0.388344
0.290351
0.281105
0.287034
0.320618
0.231379
0.482976
0.336394
0.349357
0.373994
0.200989
0.321204
0.329287
0.383481
0.285991
0.240905
0.342632
0.333310
0.347129
0.256982
0.414268
0.379940
0.254944
0.368668
0.295085
0.335267
0.320878
0.302068
0.321637
0.371287
0.267741
0.273483
0.217334
0.396447
0.252752
0.397442
0.391780
0.389441
0.275764
0.407871
0.203422
0.265787
0.225324
0.213740
0.248468
0.450720
0.442710
0.223942
0.166816
0.222557
0.394702
0.277632
0.383307
0.395612
0.351855
0.259706
0.458247
0.178779
0.343689
0.399792
0.213330
0.328135
0.367841
0.345129
0.413967
0.453446
0.249985
0.311336
0.278428
0.173363
0.340136
0.263189
0.266731
0.319191
0.382826
0.313533
0.236482
0.353017
0.210078
0.275949
0.345803
0.295191
0.286202
0.291252
0.315953
0.331818
0.292244
0.224493
0.329059
0.290653
0.265795
0.377835
0.198261
0.345712
0.309888
0.346149
0.427606
0.301796
0.312894
0.324887
0.205517
0.286705
0.363092
0.325542
0.155493
0.350699
0.243668
0.222687
0.228250
0.235798
0.266486
0.341729
0.313351
0.302096
0.230276
0.345910
0.274086
0.170712
0.341231
0.309147
0.281908
0.347444
0.262434
0.444977
0.391118
0.308348
0.305978
0.304000
0.304264
0.365440
0.338232
0.256782
0.327343
0.329284
0.311970
0.294048
0.229571
0.301530
0.330321
0.433152
0.222237
0.215963
0.303385
0.345549
0.281880
0.291861
0.549130
0.352654
0.215710
0.454279
0.394213
0.296785
0.508785
0.336026
0.342570
0.372937
0.365787
0.419758
0.226223
0.309275
0.242490
0.318536
0.289544
0.277020
0.341999
0.294206
0.288902
0.369881
0.260494
0.276605
0.377227
0.364316
0.240850
0.359350
0.404315
0.426344
0.323325
0.365162
0.377896
0.220708
0.385359
0.430876
0.193260
0.420172
0.282583
0.333812
0.505377
0.431233
0.319811
0.369856
0.420879
0.407184
0.353117
0.320726
0.277802
0.400122
0.321131
0.347533
0.378644
0.350544
0.427712
0.270095
0.224956
0.325472
0.234628
0.244107
0.257996
0.318140
0.246467
0.335361
0.398138
0.343322
0.335042
0.333771
0.236647
0.326582
0.380272
0.352361
0.340231
0.226594
0.337486
0.295356
0.279382
0.316010
0.270427
0.282940
0.271798
0.339627
0.289951
0.229023
0.261439
0.317561
0.249612
0.343666
0.358140
0.303265
0.224941
0.238861
0.282697
0.279294
0.369951
0.267741
0.204152
0.249393
0.367834
0.362961
0.255004
0.202489
0.352756
0.382124
0.290420
0.305420
0.292834
0.297753
0.325123
0.258798
0.258082
0.424856
0.257573
0.470640
0.183963
0.396019
0.312495
0.247049
0.223022
0.209229
0.237485
0.391636
0.427003
0.312969
0.153417
0.195738
0.268154
0.260900
0.319010
0.299028
0.238183
0.236430
0.373785
0.343790
0.225688
0.276243
0.243519
0.270836
0.240704
0.338688
0.259280
0.289171
0.181291
0.156885
0.286650
0.352719
0.498390
0.295524
0.206600
0.204939
0.246545
0.238601
0.293532
0.406520
0.201458
0.210186
0.306895
0.329901
0.308846
0.355195
0.269822
0.450419
0.265086
0.331029
0.261368
0.307933
0.319405
0.290680
0.257907
0.268473
0.304342
0.361213
0.222607
0.399114
0.270692
0.345745
0.261218
0.288436
0.195960
0.379267
0.220512
0.435853
0.292969
0.386744
0.271211
0.348779
0.208736
0.278155
0.289530
0.366188
0.131996
0.305440
0.276016
0.272177
0.265982
0.302838
0.330978
0.375914
0.312058
0.249832
0.330094
0.233769
0.261828
0.226237
0.254197
0.291325
0.249324
0.358436
0.317013
0.481754
0.372796
0.162473
0.276987
0.259827
0.233057
0.245695
0.403026
0.237762
0.354261
0.407118
0.285467
0.276172
0.184314
0.313127
0.283774
0.194406
0.234744
0.267857
0.245837
0.320697
0.292767
0.299102
0.266309
0.365293
0.246857
0.287044
0.266227
0.328284
0.248443
0.356975
0.364700
0.214998
0.227914
0.280184
0.390704
0.281991
0.386413
0.244722
0.240477
0.291535
0.203340
0.233199
0.239568
0.379240
0.296491
0.315538
0.238107
0.367898
0.236618
0.336579
0.351516
0.329064
0.229324
0.239512
0.220024
0.245120
0.274551
0.221394
0.267094
0.261360
0.282767
0.274567
0.385849
0.302245
0.265403
0.288262
0.467052
0.257188
0.306391
0.318828
0.314833
0.325959
0.348953
0.230776
0.414113
0.368115
0.264105
0.185755
0.249327
0.328404
0.344981
0.347842
0.225119
0.260770
0.365128
0.334069
0.349407
0.332582
0.272189
0.238844
0.548578
0.342653
0.274276
0.304227
0.444262
0.352298
0.301819
0.424012
0.297807
0.318288
0.315483
0.183748
0.350754
0.224543
0.345374
0.292161
0.322094
0.220559
0.181288
0.326180
0.331078
0.300137
0.258512
0.364778
0.324110
0.317967
0.249026
0.427798
0.301757
0.276725
0.231575
0.326096
0.366132
0.414377
0.228228
0.279301
0.293769
0.265682
0.196124
0.326355
0.274019
0.342362
0.258776
0.327429
0.206153
0.196375
0.399348
0.305711
0.302509
0.397035
0.283432
0.278696
0.320214
0.365345
0.364696
0.272432
0.431223
0.284664
0.274650
0.380788
0.334451
0.244145
0.188685
0.320247
0.284186
0.296847
0.308918
0.388004
0.257780
0.316624
0.312101
0.283349
0.351659
0.198564
0.251661
0.277739
0.211791
0.330796
0.289437
0.369972
0.216042
0.349832
0.174639
0.308946
0.277857
0.279957
0.404649
0.386622
0.372975
0.296018
0.310816
0.234305
0.283401
0.288716
0.294218
0.392742
0.284886
0.246947
0.328060
0.230877
0.228769
0.395787
0.226167
0.281779
0.313406
0.284647
0.231692
0.298295
0.294892
0.346182
0.284096
0.264131
0.349475
0.267591
0.275859
0.215507
0.305713
0.254011
0.341920
0.260565
0.382753
0.286753
0.434372
0.278674
0.337916
0.276675
0.229181
0.250180
0.338190
0.274952
0.455784
0.175329
0.286834
0.252517
0.302811
0.331297
0.193600
0.372023
0.428829
0.329432
0.264788
0.312754
0.308767
0.227692
0.302928
0.304076
0.244895
0.232418
0.230836
0.476304
0.342731
0.286793
0.288603
0.397303
0.329775
0.193152
0.357426
0.391248
0.305344
0.316478
0.240858
0.459269
0.253975
0.356336
0.291749
0.167707
0.340537
0.290505
0.352997
0.250014
0.427343
0.241149
0.302463
0.259679
0.220131
0.360664
0.307191
0.349014
0.283755
0.187744
0.447076
0.182023
0.414435
0.250853
0.201918
0.225630
0.170455
0.217509
0.175247
0.246815
0.239232
0.332668
0.222285
0.304563
0.177680
0.271653
0.383059
0.331708
0.220323
0.301298
0.219306
0.104939
0.288549
0.250110
0.403481
0.252684
0.224257
0.313448
0.344422
0.154613
0.242488
0.340159
0.173530
0.333776
0.249838
0.271030
0.314695
0.300994
0.320940
0.234830
0.264892
0.269480
0.314428
0.282450
0.157502
0.247415
0.369720
0.319132
0.184483
0.424522
0.171304
0.283653
0.225497
0.305407
0.337158
0.283989
0.267689
0.249595
0.338029
0.257064
0.223339
0.252676
0.270860
0.223055
0.260377
0.173097
0.222910
0.257525
0.366314
0.294770
0.231896
0.209978
0.348825
0.294126
0.229555
0.286097
0.332971
0.257386
0.228125
0.309362
0.267845
0.271752
0.300838
0.241819
0.243596
0.289331
0.174056
0.306354
0.182393
0.328035
0.358211
0.240424
0.240153
0.317505
0.396231
0.367235
0.276065
0.320071
0.340919
0.315800
0.288749
0.368537
0.318739
0.180524
0.193504
0.216198
0.356748
0.243161
0.317306
0.305010
0.277091
0.161062
0.330857
0.331072
0.346656
0.323499
0.296746
0.194233
0.263800
0.283356
0.242739
0.143237
0.388629
0.241262
0.191509
0.280365
0.226847
0.314164
0.234744
0.275279
0.465446
0.283246
0.195784
0.213200
0.223710
0.297339
0.205002
0.260509
0.301815
0.247109
0.268885
0.234584
0.275172
0.217980
0.240018
0.272708
0.318164
0.188034
0.216459
0.339963
0.241615
0.297574
0.319249
0.301629
0.207230
0.207602
0.378640
0.233247
0.159968
0.234578
0.181722
0.399332
0.280584
0.269092
0.242973
0.156535
0.265662
0.261000
0.290173
0.401378
0.334545
0.127303
0.285821
0.276580
0.338098
0.169480
0.179950
0.211066
0.275226
0.251077
0.418377
0.343325
0.425489
0.253178
0.281808
0.299928
0.197293
0.330662
0.235481
0.347261
0.275222
0.292280
0.240529
0.278283
0.242110
0.332465
0.333275
0.339534
0.250800
0.537920
0.309003
0.327268
0.165523
0.225263
0.209058
0.254202
0.289354
0.313530
0.208158
0.174392
0.190025
0.213402
0.331760
0.265062
0.242554
0.211387
0.235577
0.263983
0.229979
0.194118
0.285133
0.245802
0.244619
0.232473
0.345109
0.201597
0.239832
0.236237
0.176594
0.325781
0.296380
0.145943
0.302172
0.338790
0.327592
0.269523
0.337516
0.174133
0.211382
0.160755
0.283963
0.256150
0.335856
0.173782
0.240999
0.470766
0.293785
0.345391
0.357881
0.323562
0.337817
0.278242
0.253433
0.356301
0.224448
0.320272
0.331069
0.342804
0.252622
0.202617
0.395334
0.369872
0.346317
0.219319
0.260452
0.284194
0.349034
0.294979
0.271684
0.163213
0.280707
0.279721
0.248823
0.262723
0.330590
0.238597
0.172255
0.293867
0.296367
0.366284
0.204255
0.344434
0.280713
0.217915
0.379036
0.279339
0.245831
0.200260
0.280153
0.331429
0.199927
0.253313
0.304987
0.328829
0.177554
0.321283
0.306106
0.254230
0.231348
0.234372
0.238433
0.289329
0.399943
0.380483
0.305493
0.312029
0.257309
0.209906
0.402361
0.335574
0.278108
0.353262
0.348275
0.254343
0.436006
0.376951
0.264174
0.371303
0.301665
0.369129
0.275118
0.231608
0.374702
0.304998
0.348278
0.312591
0.438867
0.374784
0.400057
0.260388
0.235136
0.324345
0.404902
0.285683
0.383291
0.195155
0.336374
0.267112
0.238930
0.256984
0.173445
0.307426
0.252525
0.355751
0.277707
0.362862
0.312509
0.398519
0.272904
0.373845
0.204752
0.239031
0.250833
0.392673
0.317565
0.291471
0.327365
0.351830
0.288608
0.309938
0.352638
0.327740
0.338332
0.294346
0.248723
0.161502
0.419045
0.286995
0.419936
0.248787
0.227951
0.300456
0.299246
0.194826
0.232316
0.317215
0.253146
0.304192
0.427174
0.246470
0.199475
0.298557
0.299583
0.217124
0.183400
0.262659
0.280467
0.271661
0.444380
0.309104
0.374833
0.446016
0.186783
0.257010
0.220836
0.286224
0.273438
0.355265
0.322081
0.349829
0.350494
0.353061
0.226516
0.266526
0.228143
0.277172
0.175126
0.267672
0.293775
0.308792
0.187533
0.268684
0.261950
0.334698
0.299223
0.265876
0.295809
0.280868
0.201428
0.268994
0.332496
0.255961
0.262517
0.221707
0.285571
0.200847
0.173382
0.344249
0.316555
0.204114
0.192224
0.214785
0.263765
0.269466
0.205552
0.277919
0.271538
0.289221
0.247138
0.329757
0.213494
0.142896
0.223750
0.221221
0.170698
0.334366
0.243447
0.196815
0.294507
0.244546
0.232513
0.210746
0.239888
0.153214
0.295059
0.114672
0.199138
0.231679
0.288299
0.381133
0.218387
0.205281
0.201788
0.312456
0.284881
0.375950
0.214555
0.186092
0.238998
0.240663
0.199493
0.238047
0.224100
0.222969
0.116473
0.223355
0.216064
0.203550
0.218454
0.202896
0.376298
0.242128
0.168198
0.134752
0.183823
0.189621
0.267623
0.277213
0.291765
0.201879
0.378910
0.324589
0.198886
0.234200
0.269155
0.279469
0.199391
0.229465
0.265973
0.284687
0.347664
0.212297
0.368802
0.235686
0.310049
0.219675
0.253041
0.283727
0.281854
0.176053
0.144998
0.276802
0.424449
0.354867
0.280779
0.373633
0.229264
0.341448
0.221261
0.162045
0.215484
0.235195
0.268270
0.292046
0.243673
0.240535
0.280752
0.168500
0.285968
0.285746
0.339082
0.318407
0.204519
0.240848
0.277249
0.287251
0.259256
0.338741
0.294201
0.286352
0.383497
0.267513
0.249146
0.218553
0.194257
0.332437
0.315048
0.187920
0.375196
0.163111
0.251528
0.323737
0.360952
0.267922
0.280293
0.300597
0.134619
0.259703
0.155028
0.282729
0.229238
0.237659
0.231623
0.318269
0.262491
0.260476
0.298474
0.284360
0.274250
0.247513
0.275136
0.245413
0.298136
0.348208
0.309818
0.348792
0.172349
0.211710
0.375270
0.343037
0.204144
0.151140
0.257159
0.279206
0.304439
0.342202
0.355410
0.232271
0.313926
0.257710
0.306834
0.363961
0.268910
0.272707
0.224226
0.362096
0.407603
0.191997
0.290507
0.315612
0.279111
0.185441
0.276264
0.263235
0.379223
0.379199
0.248893
0.307502
0.250923
0.293537
0.260893
0.403059
0.193326
0.148856
0.286262
0.390813
0.167678
0.316430
0.226753
0.245023
0.303194
0.328978
0.297218
0.166122
0.154335
0.278533
0.278109
0.340474
0.335570
0.262153
0.477338
0.203834
0.262813
0.242845
0.366155
0.242562
0.347332
0.196066
0.411585
0.309858
0.235090
0.242849
0.349082
0.191006
0.372738
0.317562
0.231189
0.293656
0.203678
0.279506
0.301201
0.240646
0.287389
0.252788
0.388335
0.408035
0.337640
0.233809
0.289641
0.276916
0.199248
0.160662
0.189762
0.418414
0.316454
0.353620
0.298332
0.265216
0.324374
0.389980
0.318402
0.197106
0.356417
0.184492
0.236880
0.230715
0.248117
0.328872
0.268985
0.296966
0.282155
0.338804
0.287286
0.217893
0.220222
0.266074
0.296669
0.436049
0.428003
0.224588
0.258975
0.288724
0.212396
0.331202
0.198809
0.203127
0.289173
0.205275
0.185201
0.244190
0.291412
0.372133
0.346796
0.235204
0.239598
0.185068
0.328564
0.237058
0.290724
0.211031
0.115928
0.220396
0.310516
0.349873
0.418184
0.305575
0.184766
0.218492
0.250786
0.161313
0.292272
0.220961
0.244259
0.319253
0.244543
0.272660
0.274787
0.386316
0.277018
0.346414
0.256969
0.273463
0.160777
0.281729
0.330451
0.263446
0.253319
0.187578
0.398796
0.250211
0.263717
0.240357
0.475503
0.287964
0.368033
0.425383
0.169013
0.233636
0.285236
0.288554
0.186087
0.399756
0.288363
0.234082
0.323453
0.317553
0.350365
0.266761
0.194044
0.250406
0.221336
0.271115
0.263843
0.220125
0.416651
0.212619
0.255732
0.100664
0.219985
0.201801
0.371517
0.168959
0.322678
0.360363
0.147901
0.269311
0.441555
0.122263
0.107690
0.313959
0.243929
0.190315
0.244019
0.190912
0.186093
0.204762
0.192254
0.233142
0.161798
0.243807
0.256520
0.320403
0.229930
0.238743
0.259543
0.134196
0.181948
0.285119
0.349629
0.334352
0.277411
0.251768
0.280940
0.297827
0.272695
0.261300
0.213027
0.239054
0.289500
0.196847
0.207339
0.223015
0.308848
0.203505
0.192454
0.270309
0.197023
0.184577
0.353088
0.198647
0.203705
0.235794
0.338794
0.199029
0.319956
0.260591
0.183213
0.305379
0.253761
0.263317
0.175086
0.339817
0.171981
0.271220
0.298335
0.218470
0.193667
0.261649
0.323983
0.162446
0.274178
0.244524
0.164915
0.377662
0.219566
0.196846
0.238492
0.271308
0.212362
0.242389
0.243380
0.149016
0.252957
0.240649
0.208906
0.235901
0.212647
0.267053
0.150509
0.174319
0.150505
0.207847
0.176076
0.224737
0.219681
0.253140
0.303954
0.319616
0.131764
0.304787
0.232658
0.308424
0.398776
0.251587
0.255889
0.283014
0.212444
0.308064
0.218146
0.247762
0.204909
0.226697
0.327526
0.243110
0.258342
0.401040
0.252844
0.464954
0.154519
0.146923
0.237244
0.265460
0.221650
0.181552
0.286816
0.215322
0.274742
0.286891
0.165071
0.295452
0.206827
0.313675
0.146546
0.242771
0.319333
0.250835
0.249397
0.203287
0.328936
0.302981
0.191503
0.265637
0.297108
0.241077
0.209480
0.215710
0.283108
0.206287
0.195811
0.202215
0.159860
0.194827
0.182903
0.293539
0.187210
0.295697
0.256384
0.193968
0.212088
0.159454
0.309738
0.230058
0.248196
0.204814
0.156326
0.350547
0.256170
0.252365
0.223835
0.269132
0.194399
0.292131
0.227718
0.303632
0.311607
0.201044
0.254289
0.170165
0.414849
0.244084
0.181286
0.283879
0.312074
0.314312
0.242190
0.248166
0.186117
0.201750
0.298159
0.273008
0.274532
0.143544
0.283020
0.303447
0.316026
0.153025
0.159604
0.295438
0.317682
0.132133
0.321685
0.356830
0.245737
0.306113
0.155675
0.260533
0.238385
0.187095
0.306105
0.323442
0.246472
0.196267
0.343457
0.301413
0.323646
0.193957
0.168351
0.307183
0.181637
0.228698
0.250657
0.253035
0.254318
0.291437
0.156633
0.232519
0.199824
0.220831
0.274094
0.182133
0.217000
0.245028
0.261066
0.235753
0.230935
0.258856
0.230442
0.199882
0.235953
0.365437
0.374974
0.275430
0.229707
0.237673
0.202525
0.273960
0.382019
0.238995
0.289018
0.259514
0.232263
0.283141
0.236582
0.210397
0.180191
0.215961
0.361034
0.345937
0.213772
0.237363
0.246013
0.233395
0.196564
0.463802
0.174687
0.165050
0.314482
0.250576
0.312373
0.263086
0.204588
0.292255
0.448803
0.204374
0.305231
0.156466
0.236265
0.194261
0.420680
0.245529
0.223824
0.354067
0.246287
0.235829
0.189743
0.279317
0.315115
0.201671
0.247579
0.220323
0.217698
0.263566
0.283051
0.208475
0.144953
0.199885
0.408746
0.217831
0.250221
0.170667
0.203836
0.377345
0.344114
0.339180
0.272240
0.243565
0.389495
0.234478
0.233134
0.200900
0.251762
0.180559
0.159803
0.290421
0.294120
0.236459
0.320654
0.224845
0.182792
0.416521
0.214196
0.249127
0.291042
0.380103
0.201408
0.172219
0.190250
0.268220
0.339768
0.193346
0.170142
0.289202
0.288588
0.256008
0.290063
0.156608
0.219075
0.325398
0.229854
0.189468
0.302513
0.204923
0.280247
0.308178
0.276652
0.300720
0.180270
0.254163
0.348442
0.282495
0.300731
0.255427
0.259306
0.368635
0.215578
0.225235
0.263378
0.181293
0.283715
0.246702
0.294978
0.210557
0.325047
0.216049
0.205129
0.253373
0.222999
0.247174
0.303188
0.240840
0.199544
0.454121
0.192233
0.342772
0.170664
0.309647
0.163906
0.212713
0.231882
0.295234
0.261342
0.218444
0.224376
0.181384
0.343450
0.330157
0.346996
0.315232
0.212140
0.174603
0.202004
0.254696
0.599262
0.233477
0.205598
0.174852
0.427373
0.285350
0.196063
0.269319
0.366876
0.227977
0.236772
0.214765
0.253500
0.124872
0.289548
0.204136
0.190450
0.143536
0.175487
0.252308
0.162296
0.162702
0.160907
0.213733
0.274421
0.225043
0.273779
0.214429
0.161770
0.213147
0.263650
0.203327
0.155474
0.295426
0.224099
0.258448
0.111274
0.144919
0.174785
0.211720
0.174301
0.246500
0.161104
0.191938
0.222923
0.237162
0.148828
0.217986
0.139662
0.402623
0.313438
0.129028
0.240940
0.187348
0.343051
0.179573
0.221727
0.275518
0.318410
0.176986
0.188722
0.153709
0.264025
0.113794
0.220010
0.193500
0.302925
0.201288
0.224131
0.183891
0.153568
0.256158
0.141438
0.144049
0.221227
0.207296
0.250371
0.213954
0.192741
0.236325
0.144390
0.370145
0.318966
0.158697
0.111510
0.253235
0.267371
0.197359
0.200267
0.322168
0.210720
0.276285
0.388791
0.294678
0.257624
0.247609
0.184110
0.254714
0.224420
0.283884
0.179659
0.203751
0.253746
0.331795
0.316737
0.150537
0.242087
0.276046
0.169738
0.234868
0.203690
0.234510
0.200346
0.230009
0.179485
0.344063
0.250976
0.237475
0.219220
0.449779
0.194221
0.189906
0.268974
0.089267
0.241324
0.332839
0.180508
0.146635
0.201095
0.232567
0.314415
0.185088
0.273879
0.329745
0.225538
0.231097
0.219741
0.280796
0.217800
0.321399
0.177942
0.234995
0.287685
0.471643
0.198303
0.218720
0.216625
0.191758
0.249957
0.154224
0.215768
0.240311
0.122764
0.191681
0.252844
0.327415
0.386200
0.175826
0.193664
0.130473
0.270246
0.281769
0.305566
0.240317
0.217752
0.279106
0.247565
0.238320
0.238458
0.221316
0.230260
0.136070
0.246392
0.205930
0.307746
0.266714
0.203195
0.215211
0.225638
0.304360
0.302673
0.257677
0.233383
0.301973
0.197554
0.210777
0.288697
0.197477
0.202846
0.231321
0.239743
0.178135
0.208706
0.197983
0.225465
0.214824
0.155144
0.198841
0.326077
0.252080
0.220251
0.264220
0.224092
0.248985
0.154545
0.221979
0.316191
0.178345
0.206817
0.268542
0.322445
0.202044
0.324476
0.139258
0.279452
0.271971
0.179397
0.200301
0.160305
0.182467
0.221541
0.246415
0.325811
0.174125
0.250656
0.242743
0.210170
0.207433
0.233740
0.220867
0.163520
0.124457
0.176071
0.179334
0.217350
0.323556
0.265354
0.207032
0.175300
0.254133
0.300333
0.231562
0.236369
0.160351
0.272145
0.283308
0.225965
0.278276
0.222173
0.234912
0.148138
0.296218
0.299817
0.196727
0.284019
0.251205
0.316339
0.270371
0.234248
0.302531
0.225044
0.184976
0.310079
0.150297
0.167812
0.314523
0.202165
0.233460
0.240162
0.325540
0.327258
0.242378
0.391701
0.208455
0.286695
0.238325
0.207582
0.127305
0.294655
0.372628
0.263625
0.260221
0.252660
0.213306
0.258742
0.257879
0.259518
0.179153
0.288372
0.162267
0.205010
0.294003
0.184886
0.203684
0.161963
0.288154
0.240229
0.253916
0.262648
0.235877
0.114920
0.169561
0.192819
0.249130
0.188888
0.192923
0.299757
0.222120
0.279536
0.126910
0.211790
0.236122
0.255488
0.186664
0.246583
0.327599
0.302799
0.315838
0.263001
0.236402
0.314934
0.134199
0.204072
0.227538
0.186844
0.162119
0.295383
0.257921
0.357690
0.173759
0.369369
0.225770
0.327245
0.241585
0.184359
0.196897
0.322203
0.335317
0.149329
0.256398
0.167518
0.441124
0.367707
0.167885
0.361818
0.212974
0.245453
0.207458
0.148842
0.299484
0.405110
0.250131
0.199093
0.230555
0.232236
0.241409
0.273727
0.265942
0.341544
0.202673
0.221353
0.269599
0.224485
0.236040
0.261599
0.196620
0.227644
0.193673
0.179143
0.319640
0.283487
0.226238
0.296518
0.297333
0.248654
0.230329
0.173071
0.273725
0.263895
0.156811
0.291974
0.364625
0.275102
0.174512
0.177494
0.160837
0.272512
0.370308
0.226016
0.283638
0.297702
0.226882
0.228993
0.259595
0.277801
0.357406
0.254464
0.212194
0.272142
0.251334
0.262277
0.237165
0.132613
