2.621818
2.460671
2.722226
2.601043
2.402592
2.347664
2.158152
2.140982
2.030397
2.112370
2.083958
1.965382
2.066720
2.006981
1.976664
1.919321
1.873290
1.837981
1.900669
2.068123
2.029825
1.966402
1.946042
2.019608
1.925506
1.976307
1.872620
1.837393
1.894303
1.906341
1.954152
1.954157
1.858854
1.885618
1.797634
1.826255
1.966719
1.712634
1.742264
2.035707
1.925266
1.711218
1.779700
1.878905
1.794042
1.872814
1.867780
1.739365
1.719858
1.838528
1.775214
1.789871
1.584188
1.780628
1.957083
1.953931
1.879993
1.896071
1.569992
1.902111
1.725200
1.799216
1.709098
1.673764
1.646515
1.536420
1.866048
1.662549
1.734586
1.950546
1.753453
1.890660
1.719005
1.805938
1.784070
1.640957
1.857729
1.712388
1.571889
1.662826
1.785359
1.617406
1.609858
1.558950
1.726526
1.847163
1.727391
1.615112
1.790940
1.497577
1.656297
1.646059
1.750867
1.557068
1.581892
1.657915
1.749591
1.588700
1.632084
1.669179
1.741719
1.631569
1.624249
1.716350
1.617018
1.680680
1.578193
1.540915
1.608717
1.640502
1.583039
1.634573
1.593155
1.798879
1.564133
1.589387
1.550476
1.518648
1.786759
1.702286
1.614951
1.798955
1.650110
1.762086
1.721306
1.745573
1.732455
1.726861
1.674619
1.706951
1.711616
1.606189
1.678676
1.684714
1.573974
1.554143
1.577352
1.534396
1.644938
1.653761
1.736717
1.500703
1.525368
1.565379
1.495777
1.642830
1.513547
1.637104
1.555310
1.628023
1.548303
1.583176
1.442073
1.464997
1.605363
1.473816
1.506245
1.482068
1.632862
1.641094
1.572750
1.531530
1.546467
1.645602
1.641803
1.640286
1.482188
1.706448
1.668322
1.649450
1.595888
1.551540
1.508356
1.583291
1.436530
1.493394
1.447375
1.447497
1.453795
1.437247
1.411165
1.685571
1.608102
1.561373
1.498845
1.473935
1.369871
1.543043
1.457799
1.381702
1.700291
1.614227
1.678893
1.306837
1.338278
1.447219
1.565215
1.341459
1.304471
1.453077
1.478343
1.451883
1.571648
1.416203
1.435776
1.527881
1.482532
1.338758
1.571486
1.551399
1.505618
1.449322
1.376126
1.562020
1.413403
1.504140
1.516472
1.423445
1.510001
1.618409
1.301596
1.552354
1.505174
1.363188
1.563227
1.296786
1.486877
1.444413
1.434994
1.545752
1.227947
1.508383
1.461440
1.303756
1.418376
1.464516
1.309652
1.427143
1.293322
1.431049
1.409153
1.508428
1.563016
1.233782
1.486340
1.394577
1.271407
1.413624
1.383939
1.368807
1.450842
1.437174
1.493702
1.417503
1.512852
1.423169
1.400439
1.397581
1.308020
1.264502
1.356001
1.277904
1.455599
1.278592
1.377338
1.490152
1.452346
1.575063
1.469757
1.309569
1.103863
1.281757
1.421991
1.357947
1.384449
1.343111
1.367307
1.352523
1.228499
1.365775
1.344188
1.424160
1.186007
1.080294
1.351831
1.432112
1.168065
1.474656
1.364080
1.011786
1.255818
1.557115
1.356718
1.257094
1.526007
1.341013
1.272795
1.423139
1.328733
1.394702
1.347778
1.218795
1.399014
1.327392
1.288830
1.306421
1.305676
1.195350
1.369518
1.361581
1.282283
1.347659
1.447260
1.341579
1.282834
1.311502
1.308475
1.321992
1.499964
1.481457
1.383552
1.184323
1.236394
1.411609
1.277625
1.228499
1.129805
1.414683
1.429703
1.206012
1.348408
1.128741
1.249583
1.228638
1.153172
1.347065
1.388687
1.275806
1.055905
1.215852
1.220269
1.264575
1.288465
1.053281
1.303621
1.355386
1.201511
1.235596
1.249158
1.195826
1.063802
1.347837
1.270647
1.386578
1.238026
1.226175
1.195646
1.335974
1.057763
1.287394
1.140939
1.040541
1.175664
1.124180
1.242151
1.356510
1.287121
1.331339
1.350276
1.192188
1.206345
1.310605
1.478245
1.187533
1.251306
1.299968
1.276070
1.141208
1.352416
1.067283
1.109903
1.286535
1.260535
1.093664
1.202602
1.251702
1.099071
1.268867
1.227217
1.115377
1.451702
1.139143
1.287769
1.227601
1.203530
1.127913
1.298691
1.364342
1.333987
1.265332
1.163256
1.220521
1.161469
1.244493
1.148289
1.212504
1.301173
1.135946
1.283005
1.202279
1.156234
1.280418
1.222930
1.237930
1.245668
1.216715
1.253132
1.099065
0.950474
1.102240
1.050334
1.139131
1.368432
1.079101
1.013054
1.219355
1.254928
1.317603
1.089021
1.225900
0.944357
1.291346
1.159102
1.250267
1.170017
1.252839
1.085723
1.013957
1.197725
1.261051
1.212177
1.223683
1.031225
1.184608
1.158322
1.079908
1.228588
1.057951
1.199409
1.157066
1.202196
1.214151
1.149561
1.251127
1.631366
1.202516
1.267728
1.215835
1.192633
1.028598
1.197722
1.154049
1.123426
1.120262
1.180215
1.104624
1.243338
1.129946
1.139067
1.154686
1.047095
1.113119
1.154733
0.965069
1.079794
1.129076
0.860984
1.097553
1.229393
1.185493
1.019148
1.096622
1.105071
0.995303
1.113588
0.987060
1.298623
1.144537
1.177145
1.159347
1.491518
1.117947
1.110803
1.151544
1.292870
1.058571
1.236395
1.310310
1.182296
1.062770
1.241311
1.198090
1.194406
1.146449
1.197390
0.972380
1.192260
1.147441
1.141295
1.134403
1.022767
0.923900
1.127564
1.004521
1.298720
1.119635
1.053030
1.142668
1.222378
1.219019
1.088894
1.082596
1.268865
1.116060
1.025798
1.105483
1.032744
0.956466
1.102203
1.037994
1.054818
1.171774
1.217435
1.268299
0.965176
1.079250
1.084872
1.173356
1.158756
1.101011
1.143749
0.992950
0.860908
1.188606
1.025564
1.266218
0.946006
1.141721
1.093223
1.114188
0.925050
1.040364
1.013390
1.140080
1.287197
0.965959
1.290728
1.033340
1.040906
1.007005
1.056004
1.074402
0.943390
1.067519
1.122671
1.079269
1.158092
0.929076
0.988256
1.110905
1.038178
1.062271
1.000908
0.977680
1.300037
1.215010
1.206587
1.046756
0.974143
1.086400
1.023002
1.135435
0.861671
1.079394
1.189687
1.121617
1.078341
1.210757
0.975367
1.059809
1.070444
0.942477
1.089652
1.058311
1.085801
1.029110
1.096929
1.172979
1.103895
0.960703
0.851768
1.065363
1.170977
1.065379
1.066246
1.121438
1.005225
0.973769
1.019558
0.971234
0.873190
0.952612
0.878282
1.079524
1.203659
1.111645
0.948835
0.921850
0.891674
1.077115
0.825194
1.172249
1.035165
1.217520
1.005196
1.036992
0.926722
1.000340
1.207066
1.137016
0.958517
1.154891
0.898670
1.024296
0.994681
0.966924
1.082785
0.861855
1.017854
1.081176
0.996626
1.036533
1.003978
1.124934
0.818864
1.222997
0.960258
1.151260
0.966746
1.006905
0.922003
0.857380
1.034241
1.189106
0.918269
1.074078
0.975827
1.089557
1.076062
0.882965
0.930273
0.995989
0.869649
1.037097
0.928034
0.828207
1.177043
0.898669
0.990144
0.977336
0.790550
1.079903
1.041843
1.026147
1.226903
1.137074
1.035194
0.957168
1.008315
1.189093
1.240357
1.005727
1.066842
0.984667
0.892152
0.996758
0.845926
1.168211
0.936116
0.987812
1.184935
0.796450
1.070666
0.887270
1.045151
1.024507
0.798834
1.128857
1.128562
1.070755
1.018405
1.058959
0.999902
0.960684
0.978389
0.993931
0.890279
0.963987
0.962178
0.978424
0.860908
0.915737
1.138693
1.074656
0.975470
0.848179
0.821315
0.764108
1.102798
1.047976
1.029821
0.852838
0.906941
0.897341
0.971294
0.951249
0.932772
0.978648
0.974300
0.972311
0.987228
0.855971
1.003679
1.070616
0.893168
1.158134
0.960273
1.016039
0.934421
0.906586
0.952228
1.117232
1.027750
0.936275
1.003644
0.922211
0.994477
0.948630
0.917374
0.832798
0.875305
0.947378
0.877936
0.915196
1.044298
0.952841
0.782886
0.890051
1.157105
0.861045
0.946324
0.926215
1.026741
1.108906
1.085238
1.006606
0.686570
1.092040
0.980060
0.903767
0.924840
0.939347
1.065637
0.841469
0.910669
1.154352
1.053317
0.985871
0.939313
0.859780
1.112029
0.757075
0.909876
1.088166
0.942998
0.924881
0.930705
1.052683
0.949893
0.887704
1.067935
0.919163
1.048045
0.887891
0.980357
0.855835
0.941468
0.883062
0.871942
0.761105
0.931214
0.933578
0.833503
1.081455
1.008228
1.130574
0.943552
0.855460
1.145480
0.960720
0.793805
0.707023
0.825572
0.861791
1.102635
0.812293
0.884216
0.868480
0.973273
1.031469
0.940015
0.933489
0.874954
0.840083
1.065284
0.917377
0.851068
0.900288
0.887602
1.144636
1.020182
0.878725
1.057083
0.883849
0.716376
0.943595
0.956404
0.866120
0.907361
1.020021
0.892711
0.940844
0.970002
0.855798
0.872011
0.972081
0.910487
1.098347
0.960752
1.032445
0.873328
0.868849
0.926039
0.897476
0.832598
1.082240
0.917018
0.940324
0.912151
1.092022
0.726092
0.755120
0.780132
0.921094
0.801688
1.069509
0.852842
0.765689
1.010052
0.980763
0.948070
0.864782
0.853795
0.787414
0.917834
0.833043
0.840469
1.022014
0.941443
0.821090
0.890102
0.885720
0.962039
0.914065
0.749715
0.885459
0.758453
0.733030
0.908165
0.991745
0.950036
0.962903
0.863988
0.783736
0.742552
0.927159
0.905290
0.959479
1.011103
0.848010
0.875655
0.791394
0.905673
0.839108
0.799188
0.855361
0.799373
0.687744
0.705810
0.783838
0.841272
1.147355
0.840829
0.645045
0.872387
0.878448
1.008836
0.854059
1.066288
0.897209
0.877915
0.987085
0.732505
0.971490
0.722429
1.193337
0.975725
0.781420
0.865734
0.973264
0.928395
1.094790
0.833717
0.741082
0.855292
0.822644
1.026359
0.775206
0.840386
0.759638
0.702188
0.736758
0.719654
0.901988
0.823875
0.863746
0.779123
0.845331
0.883737
0.839690
0.925388
0.821214
0.843666
0.964296
0.975411
0.714789
0.837138
0.867249
0.868729
0.971658
0.753160
0.860448
0.769063
0.813500
0.808486
0.841937
0.609561
0.847969
0.856128
1.089174
0.884700
0.870478
0.887949
0.709857
0.980765
0.787081
1.005791
1.138871
0.815647
0.818029
0.853142
0.915085
0.825345
0.832657
1.075223
0.776726
0.980572
0.868204
0.982512
1.006909
0.803931
0.907448
0.976610
0.914992
1.008840
0.922936
0.764894
0.826286
0.872741
0.962876
0.815911
0.775252
0.811870
0.872803
0.730668
0.783472
0.950196
0.899035
0.714219
0.859689
0.808961
0.685095
0.698780
0.812645
0.842274
0.908817
0.766555
0.916177
0.841792
0.936594
0.802008
0.921039
0.773204
0.764997
0.986519
0.829716
0.923455
0.807800
0.753893
0.694945
0.940019
0.919759
0.819644
0.840159
0.960959
0.838056
0.871387
0.695890
0.786176
0.932906
1.037394
0.779615
0.659739
0.933679
0.711700
0.899234
0.874938
0.850215
0.823271
0.759474
0.866289
0.792961
0.831418
0.961680
0.792416
0.992796
0.737443
0.778421
0.898102
0.647349
0.812889
0.930348
0.888462
0.775352
0.896824
0.809763
0.839442
0.804102
0.785514
0.799668
0.792143
0.801249
0.861043
0.690857
0.895958
0.842721
0.685778
0.778765
0.737395
0.743493
0.700729
0.978254
0.713154
0.753469
0.933336
1.074083
0.855814
0.860133
0.774246
0.636001
0.872989
0.962316
0.875060
0.751871
0.810536
0.721953
1.001355
0.866438
0.750998
0.814819
0.898555
1.127582
0.883741
0.675783
0.787077
0.904086
0.837020
0.681893
0.852278
0.657496
0.929070
0.891472
0.673465
0.762283
0.754512
0.795731
0.923594
0.746119
0.913740
0.816665
0.772253
0.916935
0.750761
0.925319
0.915959
1.112144
0.741830
0.814226
0.958094
0.826775
0.798253
0.911195
0.776424
0.788260
0.856881
0.780594
0.789124
0.904522
0.852835
0.774261
0.861199
0.770706
0.811568
0.900956
0.807682
0.804093
0.874845
0.848755
0.663148
0.825584
0.975748
0.682078
0.730724
0.852467
0.761898
0.757033
0.744636
0.786606
0.780227
0.792029
0.662830
0.750856
0.847902
0.702828
0.701106
0.709658
0.803363
0.860032
0.879272
0.772190
0.786692
0.777846
0.579942
0.752602
0.702663
0.664005
0.712673
0.726237
0.792230
0.777520
0.752666
0.734855
0.796982
0.813960
0.818934
0.637926
0.709161
0.682325
0.816968
0.874528
0.873762
0.565221
0.755748
1.029900
0.815036
0.743522
0.899751
0.660679
0.620890
0.683405
0.745011
0.571459
0.918457
0.792921
0.746362
0.856505
0.829956
0.661716
0.789720
0.638999
0.757757
0.966306
0.785168
0.778859
0.878790
0.657976
0.935500
0.674327
0.869320
0.778949
0.619961
0.736260
0.640073
0.899454
0.693531
0.801338
0.919028
0.783536
0.670867
0.766750
0.944096
0.732178
0.654878
0.761606
0.721486
0.859581
0.861868
0.721633
0.935703
0.789844
0.689366
0.673098
0.672957
0.608318
0.732266
0.668215
0.821355
0.985688
0.638856
0.906984
0.714118
0.628661
0.923837
0.723828
0.746038
0.716653
0.652891
0.923150
0.670081
0.781804
0.786743
0.809915
0.707690
0.654303
0.792538
0.547601
0.655337
0.838164
0.717573
0.777864
0.803582
0.645542
0.644608
0.701572
0.795883
0.644584
0.787238
0.765711
0.827726
0.815011
0.753159
0.718259
0.792161
0.816790
0.744314
0.694377
0.831016
0.968606
0.757524
0.822455
0.759206
0.805412
0.702642
0.821434
0.996878
0.722121
0.891710
0.745921
1.088212
0.678056
0.683137
0.632913
0.624506
0.653891
0.661836
0.729459
0.721724
0.922615
0.742791
0.774143
0.706714
0.756794
0.655222
0.623883
0.788912
0.789867
0.830159
0.776674
0.888755
0.822729
0.957336
0.653484
0.789921
0.834987
0.822220
0.746588
0.719167
0.648740
0.808438
0.622613
0.672395
0.890549
0.864528
0.830733
0.726732
0.789145
0.880756
0.839762
0.929237
0.694249
0.644136
0.684971
0.671113
0.825996
0.837475
0.703369
1.123911
0.664306
0.620064
0.839340
0.711116
0.789494
0.598011
0.866147
0.632192
0.882729
0.718112
0.585680
0.724924
0.654018
0.684827
0.717243
0.808422
0.798137
0.633948
0.830236
0.657991
0.624055
0.608509
0.725698
0.793314
0.686091
0.755869
0.645824
0.874972
0.586761
0.816113
0.863566
0.767249
0.769424
0.665900
0.852544
0.617314
0.641219
0.784178
0.823306
0.830701
0.722367
0.708295
0.622046
0.588699
0.744155
0.828234
0.766019
0.695586
0.809836
0.776599
0.719333
0.629667
0.710322
0.832675
0.694815
0.769598
0.862607
0.630168
0.742193
0.647131
0.749783
0.586438
0.786270
0.726147
0.651178
0.764292
0.757301
0.826542
0.863706
0.879530
0.695967
0.580319
0.709053
0.771070
0.798946
0.610311
0.721604
0.887868
0.728536
0.729312
0.713639
0.772021
0.865664
0.710504
0.641938
0.594110
0.717069
0.753920
0.657529
0.613658
0.825892
0.755623
0.809719
0.718029
0.874885
0.624578
0.768859
0.769481
0.659165
0.731983
0.665557
0.701207
0.580949
0.636185
0.712362
0.695973
0.894495
0.703608
0.826539
0.590512
0.589453
0.802568
0.734720
0.763053
0.821086
0.694410
0.890757
0.816382
0.940873
0.825152
0.836609
0.739145
0.736643
0.733644
0.668987
0.752988
0.712417
0.739298
0.882439
0.875890
0.749487
0.787656
0.720229
0.944559
0.788018
0.887213
0.768601
0.688546
0.609038
0.598761
0.656079
0.665457
0.659952
0.675818
0.654622
0.984580
0.764210
0.893231
0.716401
0.571373
0.610835
0.651465
0.600235
0.800438
0.581792
0.760549
0.628275
1.005377
0.768510
0.670187
0.680001
0.785430
0.602538
0.703215
0.915399
0.738576
0.733642
0.716647
0.637882
0.670086
0.841620
0.707248
0.816158
0.772547
0.683637
0.661358
0.654768
0.623658
0.721925
0.857402
0.689483
0.846992
0.707231
0.736921
0.709746
0.910120
0.666103
0.661483
0.628979
0.639531
0.676614
0.769694
0.767516
0.722341
0.752844
0.728207
0.802823
0.728677
0.786115
0.700969
0.702958
0.626817
0.648243
0.607111
0.720848
0.715126
0.774444
0.797668
0.719305
0.840197
0.761178
0.553083
0.585190
0.603617
0.754545
0.900699
0.733941
0.647749
0.787611
0.669848
0.767433
0.801642
0.637939
0.594620
0.592607
0.864574
0.583164
0.603250
0.783359
0.778959
0.712624
0.573947
0.660670
0.542869
0.858913
0.538007
0.666807
0.774722
0.924453
0.621191
0.769964
0.628646
0.821991
0.732172
0.692874
0.795451
0.964060
0.773612
0.707425
0.684740
0.706294
0.765125
0.532342
0.707416
0.695108
0.684889
0.690140
0.629834
0.716629
0.675206
0.571065
0.719597
0.620043
0.754090
0.787454
0.547380
0.430285
0.602656
0.743985
0.628356
0.598779
0.492744
0.661661
0.650514
0.551148
0.657892
0.807318
0.614013
0.804845
0.796338
0.660607
0.732922
0.598276
0.657106
0.623122
0.727975
0.658195
0.854166
0.724670
0.537681
0.717022
0.609989
0.549718
0.772216
0.727240
0.585600
0.687151
0.668326
0.739456
0.650787
0.693868
1.123919
0.760651
0.695934
0.722221
0.630398
0.644620
0.654120
0.805696
0.695161
0.608122
0.665641
0.803910
0.699959
0.757037
0.605305
0.567329
0.569515
0.533769
0.569554
0.707196
0.702510
0.603153
0.696002
0.713684
0.606085
0.804625
0.739535
0.694039
0.921366
0.761428
0.583454
0.629689
0.617424
0.773449
0.711859
0.568728
0.516285
0.694923
0.605735
0.756201
0.578022
0.592903
0.622307
0.677303
0.633332
0.471067
0.696857
0.750050
0.473269
0.673154
0.821458
0.570391
0.642142
0.623365
0.703498
0.761708
0.613939
0.567839
0.569523
0.789664
0.700959
0.698645
0.790854
0.591359
0.840917
0.554258
0.805857
0.713847
0.658230
0.643690
0.687220
0.632924
0.688421
0.784328
0.713826
0.592949
0.591308
0.581358
0.661242
0.460369
0.569600
0.643604
0.551435
0.667845
0.601224
0.704368
0.889562
0.701266
0.738743
0.566732
0.634528
0.604019
0.787875
0.539809
0.729043
0.538654
0.542955
0.641430
0.771013
0.783611
0.629462
0.683715
0.651555
0.639030
0.643088
0.778502
0.791657
0.668494
0.664421
0.721900
0.785120
0.653077
0.569425
0.794896
0.701714
0.725957
0.589353
0.716976
0.721051
0.636806
0.725113
0.592104
0.586501
0.559023
0.717164
0.727166
0.666105
0.478421
0.563065
0.660116
0.626411
0.587867
0.659608
0.644764
0.635607
0.675440
0.812736
0.617376
0.658141
0.600131
0.782640
0.811879
0.530115
0.733632
0.492219
0.774859
0.563281
0.475779
0.684050
0.451859
0.858571
0.796665
0.534555
0.583859
0.503327
0.616616
0.685562
0.650775
0.684680
0.749515
0.590859
0.443902
0.893906
0.692846
0.654448
0.689475
0.984076
0.569720
0.727476
0.837962
0.719177
0.608774
0.725276
0.664769
0.640193
0.740279
0.732728
0.593722
0.680743
0.528224
0.520170
0.628696
0.641530
0.680919
0.696156
0.600511
0.658284
0.788126
0.616189
0.462373
0.749157
0.684092
0.687835
0.672922
0.743563
0.687570
0.703959
0.705813
0.601851
0.738550
0.556788
0.642113
0.671940
0.537317
0.734318
0.542360
0.560246
0.592524
0.622393
0.448012
0.647905
0.808570
0.690880
0.610432
0.682148
0.647959
0.676422
0.681727
0.739125
0.593134
0.565308
0.695416
0.625637
0.715134
0.729673
0.646503
0.622818
0.608010
0.662900
0.602131
0.586767
0.650412
0.706081
0.729144
0.620564
0.655169
0.552436
0.748430
0.643429
0.695583
0.512907
0.596707
0.558099
0.599880
0.580888
0.615562
0.722323
0.637787
0.740067
0.532908
0.605281
0.712874
0.465483
0.557687
0.802721
0.556178
0.674197
0.712869
0.569494
0.621883
0.485688
0.564979
0.719089
0.574358
0.641462
0.746436
0.675358
0.766018
0.659509
0.754396
0.603790
0.767200
0.598242
0.516348
0.594451
0.685006
0.737493
0.774839
0.560176
0.478528
0.571223
0.954164
0.604367
0.646803
0.680781
0.566164
0.801402
0.523115
0.509638
0.583528
0.593251
0.633281
0.780309
0.771418
0.613370
0.600728
0.700837
0.565219
0.694386
0.684639
0.635044
0.546278
0.572384
0.676714
0.634090
0.557825
0.663429
0.611713
0.619424
0.580534
0.588856
0.530486
0.519231
0.492359
0.613060
0.610658
0.574467
0.542267
0.637973
0.711103
0.572162
0.657430
0.682067
0.588485
0.895741
0.672991
0.847705
0.606267
0.855128
0.751339
0.439063
0.532979
0.557630
0.591734
0.459524
0.625058
0.502157
0.623482
0.666189
0.684198
0.572244
0.633568
0.688471
0.579700
0.604946
0.675644
0.662766
0.583917
0.777280
0.675138
0.707717
0.536156
0.603972
0.648940
0.706248
0.618133
0.489627
0.574791
0.554191
0.449410
0.702006
0.507633
0.629812
0.616418
0.765785
0.575655
0.504427
0.439484
0.622299
0.500405
0.527782
0.736000
0.635778
0.573511
0.525286
0.535035
0.765893
0.561774
0.479741
0.516401
0.613879
0.575657
0.451307
0.494703
0.636119
0.532830
0.482436
0.679413
0.563657
0.551710
0.781098
0.569924
0.772310
0.436578
0.592170
0.591398
0.599060
0.580251
0.552820
0.524939
0.574410
0.682142
0.628958
0.758641
0.517374
0.526903
0.581617
0.574469
0.604840
0.537143
0.624361
0.503024
0.618042
0.660643
0.725339
0.680145
0.668566
0.489138
0.633062
0.565689
0.609313
0.547398
0.544988
0.683250
0.596361
0.581788
0.717592
0.570107
0.498957
0.438323
0.544121
0.726889
0.689918
0.601238
0.616880
0.647904
0.589749
0.481619
0.665066
0.480634
0.706932
0.623103
0.576458
0.642315
0.604973
0.751096
0.770650
0.432872
0.586369
0.600449
0.606811
0.620292
0.631232
0.461872
0.756987
0.560560
0.425138
0.569388
0.607872
0.642968
0.529995
0.598303
0.522842
0.618007
0.388880
0.838465
0.561119
0.597937
0.618350
0.540563
0.602339
0.637808
0.639719
0.699467
0.428476
0.551860
0.507479
0.484705
0.450835
0.526107
0.525310
0.531035
0.551100
0.511774
0.584792
0.529399
0.438362
0.687976
0.688779
0.478384
0.574066
0.639203
0.598708
0.792854
0.653807
0.550546
0.636537
0.522544
0.654050
0.717870
0.429650
0.712722
0.554172
0.848101
0.634096
0.461015
0.615567
0.498509
0.523722
0.549036
0.417352
0.573145
0.581682
0.621330
0.529292
0.809004
0.633261
0.510239
0.629452
0.661543
0.573744
0.532445
0.550418
0.504130
0.670173
0.652197
0.537040
0.606339
0.473650
0.483727
0.512233
0.557318
0.430293
0.589968
0.445512
0.595528
0.423943
0.632718
0.628392
0.428682
0.609138
0.633798
0.384572
0.548947
0.556071
0.485472
0.458636
0.703852
0.575930
0.618813
0.555698
0.620305
0.726391
0.700713
0.470153
0.612183
0.656615
0.628160
0.688121
0.588933
0.467866
0.638439
0.667032
0.508531
0.659035
0.563391
0.530448
0.599236
0.493760
0.596274
0.546657
0.641550
0.638418
0.556986
0.567463
0.517204
0.632114
0.504478
0.624169
0.611221
0.544508
0.441326
0.462085
0.440221
0.579069
0.499250
0.531346
0.555909
0.673271
0.650472
0.643611
0.564466
0.581854
0.787655
0.523159
0.602086
0.560824
0.617828
0.745097
0.534398
0.653595
0.551718
0.483432
0.501290
0.700399
0.473603
0.519070
0.551017
0.510208
0.561572
0.699146
0.414439
0.487846
0.503872
0.571960
0.458200
0.579054
0.762084
0.614843
0.648731
0.485440
0.519176
0.651567
0.640639
0.742467
0.605581
0.708735
0.599193
0.502038
0.727642
0.701695
0.447113
0.413786
0.545978
0.645950
0.443524
0.602324
0.554871
0.463704
0.532052
0.661628
0.745188
0.505552
0.682292
0.701235
0.569573
0.529970
0.499461
0.554563
0.744437
0.672871
0.681155
0.514587
0.482737
0.591546
0.611691
0.593985
0.512075
0.808811
0.486408
0.575541
0.778058
0.699301
0.430360
0.519682
0.717766
0.547247
0.615703
0.646041
0.732169
0.496774
0.591046
0.483101
0.492584
0.487036
0.621933
0.611860
0.598331
0.786904
0.535503
0.666569
0.706962
0.644277
0.730926
0.620060
0.489332
0.646568
0.695137
0.682555
0.622914
0.532980
0.463257
0.596493
0.410379
0.465470
0.638489
0.713610
0.637650
0.581385
0.565158
0.480487
0.500138
0.518218
0.528624
0.572866
0.561914
0.366955
0.646334
0.473072
0.492416
0.576562
0.620287
0.528927
0.399250
0.464211
0.508356
0.468987
0.512573
0.482923
0.411626
0.460597
0.553315
0.526142
0.578564
0.790391
0.650508
0.485363
0.479634
0.405349
0.473602
0.541834
0.519643
0.651055
0.665054
0.533687
0.544243
0.446589
0.582690
0.567545
0.609652
0.602480
0.403316
0.569756
0.417752
0.490143
0.564043
0.517464
0.487361
0.557281
0.613827
0.556702
0.585932
0.465216
0.535518
0.445603
0.540590
0.430507
0.558396
0.633241
0.622825
0.555617
0.504567
0.667232
0.568565
0.711156
0.618327
0.656531
0.591314
0.581567
0.530780
0.548304
0.549302
0.597263
0.652188
0.712990
0.538858
0.538056
0.563317
0.553355
0.553797
0.672647
0.573757
0.574021
0.599558
0.429783
0.573613
0.586409
0.546346
0.563203
0.453155
0.742551
0.570384
0.591436
0.544643
0.566129
0.534139
0.509211
0.516301
0.561057
0.466078
0.585510
0.654039
0.455482
0.509900
0.597052
0.526331
0.592178
0.635382
0.596324
0.508366
0.649484
0.431706
0.632716
0.505736
0.657970
0.509873
0.421755
0.452038
0.729157
0.448067
0.620911
0.493817
0.489641
0.561679
0.550760
0.558834
0.504870
0.702391
0.495928
0.462195
0.608370
0.512580
0.754623
0.525862
0.609201
0.458273
0.633045
0.611453
0.557097
0.440856
0.490724
0.468690
0.486264
0.530444
0.591578
0.457107
0.532399
0.635614
0.535231
0.519234
0.806735
0.370204
0.588058
0.597978
0.669092
0.536154
0.431380
0.506368
0.551740
0.632083
0.560785
0.365822
0.529485
0.471676
0.658148
0.597501
0.565763
0.586944
0.546685
0.623657
0.460558
0.406307
0.408889
0.526228
0.502174
0.573426
0.744279
0.508297
0.449551
0.519630
0.634680
0.395681
0.329070
0.513105
0.431671
0.560065
0.497458
0.474559
0.385848
0.432812
0.458954
0.445766
0.494873
0.604422
0.545251
0.626729
0.663988
0.561743
0.533991
0.564974
0.393465
0.509950
0.585450
0.573702
0.520993
0.609538
0.589317
0.715814
0.494612
0.653953
0.540802
0.696406
0.476022
0.634666
0.622203
0.497463
0.534168
0.448626
0.530210
0.455196
0.664724
0.719318
0.661963
0.382944
0.434301
0.436471
0.678080
0.646962
0.445797
0.590176
0.571330
0.524511
0.541537
0.451430
0.553179
0.494549
0.523501
0.509922
0.587816
0.403231
0.409609
0.604278
0.502365
0.522434
0.596679
0.512587
0.580018
0.695370
0.432003
0.448994
0.612117
0.560633
0.651534
0.576993
0.491290
0.426667
0.433612
0.518761
0.396494
0.509404
0.494015
0.425576
0.438779
0.564873
0.759694
0.490891
0.683772
0.664012
0.540569
0.451871
0.513332
0.522022
0.573044
0.461811
0.647190
0.543459
0.448153
0.612631
0.448826
0.734778
0.560040
0.388146
0.484240
0.753012
0.493753
0.462718
0.586818
0.562794
0.581323
0.501853
0.546077
0.605768
0.503403
0.476125
0.487337
0.521292
0.633242
0.578085
0.483076
0.719419
0.570793
0.513744
0.483135
0.525828
0.494721
0.523469
0.434203
0.666724
0.471910
0.361510
0.461520
0.575912
0.549560
0.482378
0.594046
0.408317
0.563394
0.559052
0.427394
0.603733
0.434928
0.569390
0.738025
0.499554
0.591587
0.696616
0.557031
0.655486
0.425843
0.443586
0.370200
0.601328
0.526703
0.555998
0.650753
0.360415
0.564043
0.673521
0.501747
0.632609
0.612929
0.429425
0.673887
0.537049
0.563391
0.308595
0.571960
0.437901
0.543448
0.586989
0.662104
0.599488
0.513435
0.487108
0.495550
0.542042
0.461556
0.594503
0.497491
0.523615
0.544975
0.496595
0.442196
0.430404
0.507619
0.481887
0.541550
0.476265
0.627486
0.434321
0.503846
0.519627
0.338181
0.543623
0.570605
0.537774
0.559758
0.525157
0.478881
0.509331
0.410453
0.406175
0.448990
0.547441
0.512690
0.528155
0.471558
0.437799
0.701071
0.742103
0.550025
0.543249
0.403798
0.601419
0.443925
0.390419
0.506328
0.793750
0.516228
0.541623
0.589346
0.530975
0.608640
0.451395
0.528570
0.351234
0.462356
0.282067
0.522587
0.326036
0.624646
0.468419
0.468087
0.508211
0.721941
0.606994
0.324987
0.502328
0.474563
0.626683
0.424594
0.576041
0.667715
0.420772
0.671914
0.514346
0.384461
0.368810
0.446304
0.397698
0.377864
0.513761
0.483730
0.488483
0.600266
0.552611
0.454685
0.573834
0.401589
0.615535
0.551530
0.449636
0.535877
0.511892
0.656825
0.653948
0.352209
0.483879
0.499817
0.520848
0.530359
0.566752
0.689421
0.593569
0.442098
0.578461
0.544434
0.451917
0.637275
0.386519
0.522805
0.562957
0.620336
0.522297
0.341974
0.417442
0.540237
0.487423
0.436723
0.364764
0.355242
0.676843
0.435391
0.343807
0.455070
0.521251
0.602199
0.473659
0.492347
0.502827
0.591155
0.522654
0.464450
0.469249
0.443807
0.519969
0.571861
0.438132
0.306753
0.360838
0.470466
0.424318
0.598033
0.495439
0.431975
0.436892
0.353245
0.404538
0.398076
0.504596
0.504066
0.533705
0.483159
0.579341
0.356545
0.599326
0.576335
0.599918
0.379551
0.548323
0.664068
0.309254
0.497881
0.488445
0.469920
0.502386
0.488398
0.485878
0.561302
0.721759
0.457019
0.503364
0.460930
0.529854
0.334377
0.674369
0.645411
0.350457
0.416926
0.504258
0.488812
0.504506
0.427841
0.525258
0.518616
0.379453
0.434805
0.538787
0.439558
0.413788
0.305028
0.348400
0.555306
0.385928
0.631394
0.441310
0.559637
0.501518
0.412968
0.571601
0.457340
0.613450
0.543836
0.501991
0.641602
0.460325
0.549583
0.663202
0.461608
0.303621
0.532158
0.438134
0.471651
0.474352
0.481798
0.369031
0.685718
0.455483
0.522886
0.364234
0.337021
0.639303
0.437635
0.460941
0.421159
0.633089
0.499238
0.509423
0.482855
0.419172
0.403054
0.474191
0.524516
0.360116
0.519584
0.533459
0.418808
0.508629
0.609368
0.582686
0.461233
0.362680
0.381011
0.536424
0.464113
0.397259
0.680265
0.472852
0.415320
0.610020
0.569959
0.424506
0.647116
0.607394
0.710712
0.506322
0.503887
0.557922
0.562456
0.562736
0.615391
0.534158
0.540583
0.547484
0.490033
0.524162
0.599174
0.614343
0.474641
0.381042
0.426193
0.634061
0.605065
0.436279
0.531739
0.494607
0.337536
0.586281
0.533802
0.647495
0.368262
0.610995
0.371132
0.512567
0.509432
0.621949
0.387481
0.388572
0.401298
0.602700
0.425166
0.488025
0.577309
0.568291
0.409857
0.348143
0.483782
0.471142
0.381284
0.442316
0.408317
0.394617
0.511803
0.541563
0.407002
0.660925
0.466244
0.405409
0.487294
0.401984
0.504703
0.549498
0.491291
0.491377
0.499807
0.451651
0.356568
0.460457
0.408392
0.436004
0.379900
0.559613
0.446922
0.306329
0.414593
0.451405
0.397353
0.529662
0.513342
0.612676
0.483479
0.432831
0.429783
0.330534
0.396572
0.518943
0.441315
0.452599
0.526961
0.526961
0.489616
0.498415
0.465027
0.406630
0.412483
0.414622
0.427019
0.500548
0.493956
0.629285
0.549316
0.597850
0.686868
0.477392
0.486281
0.575736
0.498526
0.519426
0.532053
0.514240
0.364763
0.584688
0.428093
0.471815
0.535295
0.379564
0.647753
0.481609
0.522543
0.555840
0.616216
0.513013
0.594819
0.651641
0.582657
0.623237
0.474215
0.505508
0.430867
0.488776
0.530146
0.466209
0.553461
0.524589
0.508516
0.476874
0.339353
0.544874
0.407737
0.477899
0.361370
0.302635
0.419888
0.463098
0.265013
0.445865
0.609576
0.403754
0.432825
0.562421
0.479612
0.571203
0.513529
0.499052
0.508293
0.507163
0.404601
0.342242
0.512231
0.474574
0.456915
0.540494
0.542958
0.320257
0.553544
0.578404
0.444012
0.480858
0.439535
0.285386
0.598110
0.484875
0.527773
0.463842
0.395965
0.546442
0.503006
0.441032
0.566465
0.416979
0.423095
0.324648
0.377191
0.433632
0.388729
0.471345
0.556491
0.511503
0.377259
0.367055
0.543499
0.424021
0.458697
0.585047
0.307971
0.469968
0.363826
0.394455
0.552726
0.337297
0.371046
0.468649
0.465654
0.439279
0.413264
0.575111
0.380581
0.536934
0.379029
0.306091
0.255711
0.533807
0.306462
0.550700
0.616628
0.357169
0.272725
0.477480
0.313685
0.332577
0.335159
0.398152
0.540730
0.409287
0.338228
0.381909
0.582206
0.347082
0.424889
0.441156
0.480691
0.274228
0.437767
0.445335
0.354904
0.330559
0.481948
0.609233
0.480642
0.478441
0.556427
0.428248
0.493329
0.389000
0.595669
0.505287
0.350198
0.517699
0.432354
0.362792
0.416966
0.372088
0.461153
0.469055
0.678141
0.464458
0.570197
0.394049
0.700426
0.506362
0.614432
0.405138
0.591657
0.358254
0.486184
0.544071
0.494360
0.487590
0.510251
0.349744
0.517241
0.352620
0.432503
0.366657
0.427552
0.470017
0.545526
0.492097
0.545276
0.241373
0.489689
0.519069
0.398118
0.495507
0.464871
0.447471
0.350899
0.455434
0.489805
0.565007
0.336510
0.533870
0.622881
0.315681
0.612081
0.447687
0.445246
0.497030
0.643990
0.407012
0.468056
0.473975
0.498091
0.539564
0.469245
0.491745
0.515897
0.316012
0.340691
0.393285
0.529510
0.415982
0.426533
0.302859
0.470041
0.656066
0.465366
0.312371
0.361749
0.419843
0.358991
0.461419
0.687822
0.385310
0.570821
0.437928
0.485599
0.458682
0.655029
0.683448
0.585706
0.528832
0.624490
0.454324
0.371066
0.405032
0.501975
0.430871
0.569404
0.447141
0.403374
0.427658
0.540979
0.402897
0.455398
0.601927
0.501324
0.304004
0.474495
0.496926
0.520601
0.386219
0.392009
0.607668
0.431044
0.404760
0.405947
0.366122
0.459977
0.405231
0.378005
0.477094
0.306606
0.410979
0.380709
0.470523
0.539543
0.282994
0.436671
0.572815
0.481425
0.586074
0.442162
0.516540
0.397739
0.325859
0.449965
0.502860
0.475669
0.351935
0.423875
0.576674
0.591016
0.395029
0.315442
0.718314
0.380646
0.441955
0.565831
0.393104
0.506587
0.607945
0.363422
0.494420
0.408196
0.347393
0.572467
0.455510
0.591391
0.478794
0.581951
0.518604
0.471765
0.564946
0.450494
0.356476
0.399269
0.340030
0.513786
0.610721
0.503729
0.530828
0.572848
0.478526
0.487910
0.430532
0.551614
0.455034
0.424413
0.387062
0.456066
0.399110
0.393256
0.389466
0.471294
0.484398
0.518847
0.452423
0.467952
0.461539
0.374936
0.539082
0.553208
0.466056
0.376639
0.483975
0.498139
0.423357
0.450093
0.433659
0.672862
0.563111
0.397568
0.343851
0.479150
0.494241
0.545199
0.497559
0.503018
0.564078
0.504546
0.323511
0.340049
0.374759
0.613837
0.602147
0.424059
0.414455
0.478301
0.628485
0.501008
0.518191
0.495122
0.497638
0.413090
0.329758
0.428387
0.531769
0.490701
0.500028
0.554338
0.514643
0.406641
0.512845
0.366080
0.489209
0.365151
0.353834
0.423054
0.499144
0.391123
0.489933
0.635540
0.365311
0.522742
0.426609
0.506920
0.461712
0.371355
0.566645
0.401414
0.423030
0.469076
0.537704
0.392269
0.525155
0.434740
0.475728
0.435554
0.475981
0.313526
0.449471
0.468664
0.343049
0.490193
0.384784
0.444275
0.519371
0.350842
0.540571
0.424055
0.279299
0.429972
0.347063
0.437899
0.501930
0.498813
0.624824
0.570379
0.436521
0.350020
0.326001
0.552192
0.379743
0.347616
0.523995
0.521951
0.435172
0.501055
0.373926
0.265101
0.388900
0.403897
0.376973
0.427020
0.487946
0.417986
0.334576
0.362522
0.474193
0.415879
0.525692
0.371533
0.288733
0.480393
0.665246
0.406224
0.366802
0.441529
0.531956
0.455181
0.547228
0.264016
0.580647
0.330369
0.543605
0.561481
0.465063
0.456347
0.367977
0.521345
0.410276
0.461718
0.527467
0.533249
0.454026
0.576160
0.423491
0.407357
0.423043
0.415423
0.302639
0.439718
0.378817
0.409563
0.394394
0.414185
0.475384
0.409053
0.288033
0.326420
0.389639
0.309066
0.380743
0.445376
0.308505
0.481170
0.325314
0.483437
0.443033
0.439516
0.411432
0.410989
0.410194
0.338911
0.334262
0.488797
0.475655
0.344327
0.321537
0.396874
0.485352
0.442917
0.484116
0.424195
0.283248
0.451936
0.545389
0.354000
0.421178
0.534216
0.314878
0.409123
0.320434
0.476118
0.359670
0.362820
0.346175
0.468758
0.311537
0.452873
0.439065
0.451484
0.295687
0.460864
0.322332
0.338543
0.277054
0.359137
0.579791
0.348493
0.469816
0.542872
0.365015
0.607303
0.336209
0.518214
0.629596
0.400760
0.371434
0.420462
0.723385
0.309072
0.395359
0.476366
0.263707
0.479141
0.383766
0.384217
0.485374
0.493367
0.311055
0.407553
0.611994
0.323236
0.576553
0.244562
0.405144
0.394348
0.350110
0.381563
0.521207
0.382386
0.393217
0.490102
0.520408
0.475653
0.508382
0.543190
0.408448
0.316715
0.348193
0.306135
0.361086
0.324212
0.576988
0.462920
0.308402
0.642604
0.396645
0.563773
0.390021
0.374735
0.390399
0.416410
0.487125
0.371563
0.555449
0.430721
0.396702
0.339619
0.446374
0.413084
0.412390
0.471957
0.354329
0.483307
0.373323
0.386806
0.426702
0.253617
0.378479
0.296548
0.458437
0.465607
0.405630
0.332346
0.299641
0.440740
0.318284
0.236544
0.395786
0.262278
0.279743
0.396464
0.490217
0.299659
0.296945
0.341360
0.460576
0.392121
0.490938
0.369944
0.389289
0.343402
0.417304
0.570959
0.452210
0.468779
0.459411
0.462626
0.366867
0.329032
0.449111
0.414144
0.369391
0.526676
0.449502
0.294085
0.357375
0.369970
0.491298
0.439960
0.406040
0.628786
0.498754
0.344386
0.378223
0.460425
0.354199
0.360346
0.305493
0.466867
0.490912
0.440309
0.318513
0.402784
0.345412
0.297473
0.354607
0.348497
0.358785
0.332614
0.265849
0.517112
0.354959
0.390557
0.508800
0.346809
0.373543
0.521811
0.342970
0.490777
0.430082
0.358947
0.493997
0.331947
0.466074
0.360825
0.354120
0.426755
0.407487
0.416387
0.374145
0.479277
0.613398
0.428366
0.577470
0.403043
0.509985
0.423678
0.326021
0.475544
0.489163
0.349464
0.353706
0.415429
0.417924
0.297903
0.372760
0.407025
0.253186
0.379104
0.392102
0.400112
0.389892
0.521450
0.415350
0.486264
0.369818
0.432979
0.445327
0.471595
0.499760
0.233604
0.461063
0.351746
0.449609
0.417081
0.386340
0.401153
0.466540
0.304041
0.355902
0.279465
0.632840
0.433613
0.352784
0.370838
0.656557
0.409574
0.521741
0.584947
0.425677
0.350367
0.374264
0.496808
0.348794
0.479303
0.549821
0.647778
0.335340
0.516497
0.415475
0.402228
0.346519
0.387774
0.437154
0.404316
0.453695
0.451851
0.403364
0.479695
0.372997
0.547510
0.339844
0.380435
0.332904
0.339032
0.618817
0.373336
0.512549
0.357248
0.285552
0.609689
0.605712
0.359934
0.447200
0.306538
0.393532
0.533954
0.476158
0.610323
0.572228
0.565097
0.366632
0.401574
0.454468
0.415833
0.334202
0.353733
0.575129
0.491921
0.575928
0.302454
0.386875
0.368074
0.261899
0.402024
0.448902
0.534982
0.420085
0.272871
0.520158
0.278598
0.343636
0.478053
0.467712
0.390364
0.402450
0.454060
0.419906
0.502985
0.403590
0.376752
0.571641
0.372276
0.392337
0.400417
0.402580
0.504133
0.307478
0.419863
0.527900
0.379546
0.463737
0.508262
0.438841
0.432433
0.510200
0.452510
0.357160
0.338822
0.568209
0.538440
0.384646
0.489829
0.464838
0.383482
0.407047
0.456788
0.466498
0.351451
0.444093
0.384780
0.446410
0.452449
0.468955
0.409210
0.402654
0.420691
0.355641
0.533238
0.377658
0.461485
0.342208
0.501254
0.415673
0.447388
0.459762
0.590520
0.612788
0.426062
0.397000
0.312286
0.626040
0.442581
0.346633
0.328137
0.448528
0.562167
0.425730
0.493235
0.391725
0.268365
0.474925
0.327104
0.310734
0.382123
0.359823
0.389347
0.566335
0.421250
0.368427
0.381569
0.476291
0.323912
0.332946
0.402436
0.353381
0.293623
0.460965
0.493186
0.353560
0.482287
0.265422
0.391214
0.335099
0.388825
0.477022
0.471466
0.328749
0.377808
0.286637
0.355246
0.372022
0.320155
0.259969
0.296765
0.250430
0.479818
0.321144
0.375931
0.423159
0.371578
0.399605
0.311108
0.264015
0.420988
0.311506
0.378416
0.398953
0.397444
0.574357
0.376496
0.383315
0.494870
0.582161
0.359215
0.391536
0.497861
0.418538
0.351869
0.351991
0.409694
0.296266
0.377425
0.449088
0.404951
0.434236
0.320754
0.363008
0.290681
0.343776
0.375040
0.310087
0.341467
0.412516
0.276457
0.289735
0.318612
0.362915
0.411908
0.348676
0.358320
0.361854
0.342600
0.286040
0.603533
0.519159
0.393665
0.327312
0.369273
0.387225
0.586212
0.256408
0.377232
0.345804
0.398157
0.450336
0.609414
0.496807
0.463442
0.371152
0.427134
0.291342
0.450279
0.533692
0.436619
0.401407
0.330100
0.348720
0.386503
0.267374
0.266929
0.392169
0.441962
0.413251
0.501514
0.483267
0.434959
0.453711
0.381008
0.383595
0.306760
0.333928
0.217970
0.462536
0.346203
0.365005
0.344475
0.339280
0.426424
0.325220
0.436041
0.450819
0.375586
0.371094
0.391078
0.487690
0.412914
0.441938
0.370024
0.474070
0.423956
0.400103
0.365430
0.356746
0.221789
0.346003
0.516660
0.355810
0.422813
0.340901
0.500680
0.370172
0.279683
0.274904
0.365892
0.396651
0.444440
0.547402
0.452128
0.305456
0.431669
0.430052
0.337341
0.350399
0.290408
0.339956
0.445821
0.385132
0.552148
0.419773
0.369424
0.381810
0.316684
0.359995
0.304031
0.335717
0.545139
0.410831
0.466057
0.315900
0.327602
0.359879
0.369272
0.390830
0.389080
0.459451
0.560106
0.318478
0.404691
0.358908
0.310191
0.400451
0.500789
0.402983
0.329323
0.502788
0.329613
0.399553
0.541078
0.482644
0.489575
0.286246
0.337104
0.342145
0.488050
0.470225
0.422771
0.523578
0.320669
0.490219
0.376583
0.347695
0.300543
0.310704
0.390028
0.372263
0.324607
0.387695
0.529619
0.282880
0.388741
0.417835
0.378210
0.376066
0.475151
0.368602
0.426107
0.455477
0.536494
0.399058
0.393380
0.277557
0.347142
0.554801
0.428842
0.489540
0.490365
0.436496
0.318404
0.498814
0.323176
0.353289
0.523373
0.311680
0.317350
0.355016
0.404960
0.333304
0.467843
0.332421
0.391988
0.448491
0.299973
0.388122
0.295950
0.349272
0.314502
0.573144
0.386134
0.314461
0.518040
0.454302
0.387992
0.495912
0.356941
0.372516
0.338315
0.315367
0.538471
0.257778
0.414100
0.472270
0.385245
0.422412
0.423317
0.400841
0.339418
0.363041
0.280681
0.324396
0.372866
0.270394
0.368227
0.324176
0.326829
0.394740
0.339346
0.533504
0.462697
0.377262
0.408244
0.369714
0.393994
0.332942
0.350360
0.397938
0.472574
0.365456
0.242140
0.505591
0.489558
0.379126
0.284389
0.454708
0.462277
0.441733
0.423184
0.360754
0.378078
0.360104
0.382424
0.405627
0.396226
0.443400
0.355345
0.266013
0.472179
0.438913
0.293175
0.427816
0.396617
0.444127
0.342158
0.266845
0.487085
0.602628
0.332315
0.415825
0.334657
0.417142
0.628698
0.349382
0.333097
0.433088
0.422627
0.486833
0.433108
0.464561
0.360163
0.339829
0.411462
0.435360
0.440782
0.431714
0.497973
0.531208
0.366912
0.390865
0.297740
0.403232
0.458871
0.383859
0.454560
0.546536
0.313473
0.320395
0.448888
0.442295
0.413943
0.344053
0.332576
0.382650
0.508930
0.459049
0.368929
0.371240
0.487260
0.373726
0.497303
0.462786
0.304902
0.478424
0.465050
0.518331
0.389358
0.355843
0.481235
0.405773
0.370258
0.470972
0.438739
0.404164
0.442904
0.497544
0.302880
0.472225
0.357296
0.389698
0.509974
0.326099
0.341941
0.346512
0.382043
0.440060
0.279007
0.343878
0.417816
0.251022
0.243799
0.313981
0.398623
0.353188
0.420710
0.326052
0.306250
0.375408
0.340452
0.331890
0.360307
0.326556
0.251700
0.300647
0.257944
0.355493
0.402458
0.314597
0.308683
0.372545
0.246067
0.343286
0.367134
0.407571
0.373857
0.130407
0.409463
0.337012
0.309785
0.338674
0.242030
0.454691
0.370265
0.348521
0.578317
0.565762
0.266344
0.321539
0.440735
0.310062
0.443820
0.340370
0.353127
0.330435
0.323945
0.288068
0.339837
0.369678
0.430565
0.442250
0.365846
0.367912
0.339616
0.446138
0.354023
0.260101
0.321695
0.172966
0.654670
0.412731
0.303315
0.334119
0.398105
0.395789
0.385608
0.309732
0.396517
0.382802
0.554158
0.330238
0.303696
0.248080
0.405349
0.347235
0.284539
0.450119
0.340540
0.548803
0.315788
0.405177
0.457891
0.275624
0.309310
0.287372
0.343479
0.419340
0.371366
0.289031
0.318500
0.350874
0.472556
0.517316
0.245217
0.343692
0.501714
0.432247
0.324434
0.306276
0.493421
0.377340
0.424385
0.480650
0.246727
0.339265
0.362095
0.382869
0.415874
0.390079
0.363762
0.347852
0.421337
0.392455
0.364186
0.393788
0.381640
0.378633
0.434791
0.449658
0.236099
0.381885
0.303213
0.230935
0.409148
0.373230
0.451330
0.447984
0.328555
0.380877
0.409002
0.383898
0.333939
0.297289
0.308416
0.272778
0.360343
0.459062
0.558046
0.445984
0.342191
0.413177
0.207632
0.525411
0.346810
0.487170
0.369556
0.459732
0.408002
0.367758
0.371955
0.414855
0.471805
0.329823
0.502597
0.331943
0.332437
0.295826
0.296358
0.368226
0.351654
0.254695
0.427436
0.450388
0.359561
0.430703
0.491411
0.235169
0.509383
0.440692
0.413994
0.274807
0.430168
0.243143
0.359947
0.480235
0.319793
0.460244
0.375302
0.355076
0.329148
0.398879
0.335739
0.280783
0.267404
0.413235
0.298041
0.279586
0.396157
0.341727
0.437744
0.327944
0.309848
0.245814
0.431952
0.474790
0.482940
0.363398
0.341694
0.348023
0.365301
0.322161
0.354084
0.303291
0.344215
0.388928
0.409282
0.307272
0.373485
0.367371
0.384976
0.289927
0.340363
0.388710
0.418212
0.219519
0.401388
0.355147
0.448270
0.363392
0.404606
0.360350
0.388088
0.264163
0.325670
0.325691
0.300736
0.382282
0.326611
0.410243
0.465904
0.316033
0.295186
0.383513
0.331490
0.296512
0.267068
0.276213
0.268484
0.469601
0.325352
0.340993
0.423684
0.310916
0.347482
0.576047
0.325716
0.451993
0.311503
0.443073
0.350627
0.369704
0.325734
0.441505
0.374827
0.305279
0.306575
0.251925
0.322447
0.414106
0.422759
0.391444
0.299362
0.430873
0.334125
0.527598
0.441361
0.279365
0.352418
0.331040
0.384077
0.265382
0.409722
0.393449
0.420869
0.357709
0.396321
0.409979
0.293860
0.452762
0.306857
0.432299
0.308895
0.435931
0.504362
0.284665
0.619617
0.289395
0.342566
0.357659
0.284269
0.268179
0.426748
0.469108
0.385389
0.318503
0.268325
0.352117
0.205012
0.514766
0.332280
0.547450
0.313497
0.396423
0.304243
0.412197
0.350655
0.298627
0.374199
0.329963
0.279021
0.213359
0.337399
0.263548
0.283840
0.307758
0.412230
0.246795
0.323315
0.334455
0.349179
0.364695
0.307025
0.330183
0.464428
0.384553
0.343333
0.433232
0.300077
0.423577
0.396088
0.294375
0.415292
0.386988
0.310889
0.360221
0.398940
0.465823
0.378396
0.384883
0.335430
0.254847
0.367453
0.507647
0.466730
0.460825
0.346075
0.334597
0.336375
0.356315
0.401090
0.335984
0.314639
0.320623
0.343954
0.387506
0.323261
0.334743
0.335184
0.385402
0.364005
0.378727
0.382207
0.330099
0.613457
0.461288
0.469716
0.230335
0.314165
0.288780
0.342079
0.242578
0.285425
0.328232
0.374311
0.272112
0.324849
0.403180
0.251179
0.389374
0.412136
0.451397
0.455312
0.277375
0.333211
0.233388
0.316459
0.320633
0.272322
0.386045
0.268155
0.215833
0.453036
0.242973
0.301897
0.395740
0.298886
0.299791
0.361033
0.307085
0.345343
0.404464
0.364332
0.287246
0.455200
0.356753
0.410090
0.272940
0.368045
0.254868
0.240568
0.411103
0.372352
0.362206
0.328101
0.296727
0.327355
0.344906
0.335285
0.414297
0.224675
0.303443
0.298282
0.400929
0.446151
0.229872
0.271888
0.328456
0.213231
0.299113
0.389805
0.361317
0.487677
0.267251
0.328136
0.382571
0.438980
0.309940
0.477871
0.254244
0.384021
0.614084
0.216950
0.257178
0.329877
0.267011
0.258040
0.268282
0.325722
0.458847
0.334119
0.406095
0.385111
0.537960
0.316469
0.502408
0.242947
0.299587
0.422988
0.297112
0.328712
0.324980
0.378953
0.308540
0.361956
0.370904
0.285349
0.383517
0.333560
0.375842
0.225522
0.178416
0.282290
0.330351
0.229934
0.377411
0.208112
0.376598
0.398884
0.408780
0.366407
0.302835
0.370815
0.431214
0.394238
0.252482
0.227290
0.319301
0.272391
0.336191
0.284767
0.379214
0.333455
0.366398
0.312342
0.374743
0.310730
0.233312
0.304852
0.306579
0.241513
0.289771
0.456335
0.247530
0.372704
0.332908
0.245710
0.275847
0.250223
0.300213
0.297477
0.354509
0.400167
0.446220
0.351210
0.302924
0.421912
0.354653
0.361999
0.463606
0.471682
0.383345
0.495952
0.419396
0.440727
0.318840
0.549611
0.234776
0.371667
0.338274
0.487207
0.270214
0.419923
0.288775
0.237067
0.355181
0.599914
0.371497
0.200874
0.389251
0.372410
0.377381
0.312776
0.152461
0.434123
0.394731
0.431058
0.261103
0.146596
0.294611
0.300135
0.257313
0.209407
0.232786
0.387409
0.254615
0.384297
0.340394
0.292296
0.423041
0.284900
0.371922
0.437188
0.432266
0.451193
0.314612
0.342387
0.296930
0.280742
0.279155
0.381261
0.326195
0.256983
0.352259
0.297107
0.348785
0.394742
0.336819
0.274741
0.359624
0.354457
0.294982
0.188271
0.358465
0.555447
0.273771
0.308396
0.255568
0.366245
0.196818
0.368968
0.228787
0.326208
0.418896
0.373411
0.371095
0.212547
0.345069
0.356367
0.360101
0.634572
0.401650
0.311294
0.310660
0.411339
0.254592
0.319937
0.481392
0.303837
0.277868
0.290285
0.377711
0.337049
0.415803
0.442637
0.327251
0.369822
0.466846
0.245018
0.347948
0.271112
0.393727
0.277145
0.466055
0.226864
0.200772
0.318120
0.343767
0.389739
0.297233
0.299256
0.372111
0.324604
0.246353
0.367306
0.412932
0.332784
0.237996
0.295928
0.313870
0.339656
0.282487
0.391350
0.445877
0.418744
0.362886
0.318861
0.380901
0.376136
0.285925
0.471365
0.280318
0.345924
0.348184
0.385932
0.198926
0.365582
0.392294
0.364163
0.352405
0.341066
0.292395
0.290037
0.407081
0.490853
0.372191
0.503031
0.232522
0.353418
0.297328
0.398387
0.322624
0.354093
0.323075
0.489377
0.317422
0.224637
0.261045
0.273774
0.388460
0.370521
0.256641
0.278108
0.353794
0.338974
0.274325
0.394672
0.347486
0.324457
0.241483
0.338689
0.423309
0.240230
0.306908
0.320144
0.387699
0.287358
0.352710
0.344447
0.387185
0.269210
0.348186
0.423064
0.350032
0.368468
0.339256
0.378740
0.270919
0.233795
0.320562
0.377698
0.346595
0.317931
0.343826
0.395221
0.362564
0.308486
0.319463
0.452410
0.355627
0.405627
0.272351
0.316289
0.335020
0.263981
0.277870
0.390263
0.462281
0.278924
0.336154
0.394565
0.326865
0.353608
0.395841
0.290480
0.319323
0.372103
0.351445
0.387763
0.254834
0.363342
0.253418
0.255010
0.296386
0.240918
0.298811
0.338661
0.295435
0.456615
0.302712
0.253139
0.290812
0.249977
0.428990
0.430249
0.252359
0.363018
0.278128
0.340891
0.224032
0.354388
0.255795
0.264856
0.383889
0.279265
0.306353
0.418152
0.278490
0.276076
0.273593
0.570956
0.375243
0.327427
0.243606
0.394888
0.363105
0.493762
0.266010
0.278060
0.328312
0.226144
0.316469
0.278326
0.323059
0.417182
0.327916
0.285432
0.271467
0.227838
0.264470
0.284165
0.224303
0.311832
0.170366
0.286149
0.323236
0.184676
0.296388
0.294658
0.321127
0.230142
0.257861
0.254016
0.189696
0.270044
0.310837
0.233587
0.362340
0.382796
0.408200
0.460770
0.409225
0.404212
0.440682
0.416592
0.318805
0.318236
0.354508
0.313583
0.280422
0.291989
0.327111
0.258472
0.264595
0.444550
0.288123
0.296670
0.339074
0.345533
0.378282
0.294212
0.313410
0.346863
0.337798
0.302963
0.281929
0.379042
0.264503
0.289540
0.257524
0.335756
0.303707
0.335442
0.361036
0.206217
0.301918
0.426351
0.363147
0.442480
0.437165
0.389653
0.341800
0.272654
0.396475
0.319697
0.201056
0.250253
0.296778
0.256792
0.193315
0.189360
0.347266
0.453782
0.330541
0.269689
0.222029
0.315650
0.252255
0.270317
0.286616
0.350699
0.396675
0.188246
0.264029
0.264529
0.332030
0.367306
0.416673
0.269060
0.340393
0.300508
0.336284
0.334314
0.233943
0.380796
0.230804
0.192535
0.336535
0.391093
0.227481
0.281296
0.349831
0.297595
0.261323
0.276070
0.231718
0.357589
0.383123
0.226388
0.206262
0.421922
0.209219
0.257556
0.180439
0.305358
0.285211
0.281891
0.202707
0.357185
0.387972
0.235710
0.317062
0.248842
0.403055
0.296025
0.299062
0.252489
0.356322
0.434602
0.361200
0.350102
0.306447
0.408256
0.300172
0.290276
0.332669
0.209322
0.297763
0.260393
0.323288
0.215666
0.485073
0.326040
0.344153
0.211219
0.283984
0.315926
0.240140
0.329036
0.344263
0.275518
0.272092
0.293933
0.402285
0.369114
0.209808
0.183203
0.364182
0.310677
0.394317
0.381363
0.285881
0.394721
0.321256
0.461328
0.265857
0.313175
0.269484
0.402111
0.317099
0.271916
0.320087
0.385047
0.453368
0.244975
0.268514
0.297609
0.402864
0.424073
0.373570
0.210368
0.294202
0.325352
0.270208
0.247871
0.350083
0.257277
0.391684
0.273038
0.340568
0.292724
0.234420
0.280440
0.224339
0.289846
0.307753
0.281725
0.223832
0.364271
0.263740
0.572147
0.282860
0.320103
0.314913
0.287034
0.349136
0.300272
0.370626
0.405841
0.366039
0.386743
0.229585
0.413570
0.401957
0.295307
0.287600
0.232903
0.388807
0.395666
0.263151
0.439117
0.336522
0.399850
0.299660
0.403690
0.241684
0.438264
0.315363
0.273972
0.321855
0.311191
0.296221
0.512394
0.257197
0.459053
0.300134
0.383608
0.307328
0.241162
0.398730
0.380409
0.373438
0.291624
0.344161
0.396646
0.322338
0.315984
0.255391
0.313344
0.255896
0.290492
0.243467
0.332400
0.193744
0.350306
0.310247
0.262646
0.385916
0.247866
0.303792
0.291072
0.380436
0.281906
0.243374
0.329814
0.524671
0.319210
0.278884
0.212134
0.330355
0.439246
0.436499
0.388637
0.345826
0.347018
0.393946
0.400605
0.403755
0.269955
0.361871
0.306856
0.294711
0.343222
0.378966
0.253389
0.291825
0.277277
0.231116
0.272810
0.329587
0.305432
0.284756
0.341724
0.443388
0.272783
0.208624
0.386843
0.410883
0.411601
0.394340
0.369960
0.306912
0.365052
0.308629
0.249648
0.380168
0.328446
0.483432
0.397224
0.251842
0.243638
0.334689
0.341175
0.462396
0.421821
0.205826
0.325886
0.372688
0.512674
0.356872
0.350877
0.302024
0.441376
0.349594
0.334908
0.378964
0.386036
0.320794
0.227862
0.445171
0.373490
0.347366
0.301863
0.207441
0.260260
0.328057
0.286045
0.359750
0.262084
0.186333
0.355933
0.317638
0.396075
0.362122
0.336173
0.472192
0.507040
0.310114
0.353706
0.275147
0.340103
0.346840
0.387233
0.339251
0.287631
0.310965
0.314311
0.329817
0.279644
0.287518
0.407384
0.212660
0.369672
0.286294
0.391840
0.319815
0.210697
0.438372
0.199788
0.340397
0.278983
0.396835
0.275797
0.326277
0.267197
0.255715
0.224911
0.240091
0.384357
0.475284
0.391801
0.261832
0.251250
0.254457
0.191763
0.272976
0.402277
0.267266
0.437373
0.294413
0.302966
0.184432
0.260211
0.278178
0.245154
0.162867
0.192815
0.386554
0.283285
0.235477
0.221557
0.244218
0.327240
0.310516
0.221764
0.212139
0.304003
0.284470
0.215704
0.259281
0.217014
0.208269
0.297335
0.183062
0.342819
0.271564
0.363413
0.318728
0.215145
0.287051
0.325046
0.295472
0.413992
0.234763
0.249859
0.349111
0.202354
0.272932
0.258137
0.415460
0.166134
0.347259
0.234110
0.246326
0.318631
0.294562
0.266545
0.153884
0.325571
0.325738
0.302522
0.237625
0.323943
0.376071
0.396971
0.246333
0.270235
0.127666
0.181207
0.160543
0.227574
0.302529
0.426750
0.250374
0.192569
0.233282
0.189655
0.211936
0.234904
0.355579
0.277175
0.282276
0.242311
0.232442
0.365112
0.260787
0.086455
0.301731
0.388678
0.232467
0.375675
0.199131
0.290607
0.199474
0.332456
0.275778
0.340706
0.247152
0.329963
0.179450
0.337236
0.198305
0.337082
0.412919
0.323397
0.394531
0.242335
0.216992
0.269805
0.249629
0.154242
0.242913
0.410211
0.233104
0.331119
0.452128
0.298980
0.212412
0.294289
0.464889
0.257512
0.360710
0.285394
0.415958
0.379472
0.247525
0.218196
0.163299
0.260541
0.259440
0.250992
0.274796
0.291252
0.224712
0.348611
0.232555
0.296560
0.133787
0.333239
0.372904
0.258276
0.293434
0.300426
0.309633
0.308381
0.203490
0.188551
0.430573
0.313698
0.520910
0.251172
0.427683
0.276171
0.341709
0.320330
0.386757
0.212052
0.426845
0.323211
0.269736
0.456591
0.233074
0.261664
0.290498
0.333873
0.264306
0.257666
0.273461
0.327600
0.356802
0.225190
0.480926
0.357361
0.290579
0.333058
0.292158
0.363188
0.284399
0.319470
0.313289
0.392522
0.242758
0.301130
0.273315
0.347137
0.176704
0.334269
0.377429
0.308258
0.254113
0.424303
0.180076
0.323881
0.214386
0.291904
0.228985
0.376948
0.424092
0.257709
0.170458
0.210979
0.400787
0.275162
0.406561
0.350052
0.424634
0.249081
0.409460
0.160843
0.222145
0.394762
0.226782
0.285769
0.390880
0.286169
0.326771
0.368850
0.241856
0.347195
0.249607
0.135750
0.283632
0.248448
0.214196
0.375959
0.392428
0.262202
0.248807
0.414784
0.261333
0.287204
0.343802
0.344453
0.236717
0.369601
0.241312
0.311560
0.382025
0.263413
0.282769
0.222541
0.209628
0.292609
0.185975
0.366329
0.355691
0.253516
0.389997
0.330669
0.334931
0.270528
0.249925
0.301366
0.236223
0.261047
0.210584
0.320272
0.223795
0.177710
0.226663
0.238060
0.289455
0.316846
0.271238
0.327639
0.230570
0.390478
0.220430
0.166161
0.170999
0.274954
0.236648
0.289171
0.307428
0.401065
0.397471
0.401524
0.229588
0.305927
0.350866
0.357834
0.294791
0.284733
0.237684
0.414760
0.281623
0.247712
0.204478
0.349737
0.361893
0.281130
0.262676
0.261258
0.212134
0.298529
0.278643
0.306667
0.451833
0.305444
0.238298
0.317365
0.341526
0.225522
0.449270
0.325963
0.339362
0.289443
0.313775
0.374104
0.245804
0.269391
0.143755
0.323866
0.270502
0.216973
0.259785
0.314321
0.414742
0.291633
0.290916
0.345277
0.328639
0.238550
0.208840
0.388824
0.371397
0.307736
0.265622
0.356361
0.387747
0.249069
0.370803
0.356215
0.201807
0.345647
0.252275
0.310472
0.413067
0.440629
0.216014
0.305992
0.422925
0.371377
0.331409
0.332255
0.323510
0.385164
0.327472
0.317629
0.418502
0.393077
0.343290
0.230473
0.243347
0.290354
0.272358
0.359964
0.303910
0.306337
0.252597
0.267733
0.323548
0.351268
0.290010
0.289448
0.200631
0.339285
0.320662
0.262364
0.381700
0.264962
0.345506
0.340253
0.244473
0.254049
0.261759
0.323430
0.238430
0.253901
0.313123
0.244792
0.235888
0.306486
0.280063
0.345608
0.366202
0.375867
0.159329
0.283932
0.194271
0.152683
0.252880
0.260397
0.245362
0.219516
0.279663
0.392647
0.235887
0.204280
0.277617
0.431996
0.320527
0.251508
0.342771
0.268945
0.294805
0.189258
0.225590
0.320098
0.271591
0.455671
0.187287
0.296074
0.245702
0.226703
0.158917
0.194798
0.209540
0.273571
0.329204
0.207973
0.186330
0.175221
0.320864
0.235042
0.338167
0.198035
0.306290
0.143840
0.331074
0.294195
0.223799
0.175444
0.218252
0.220489
0.221333
0.261959
0.242194
0.226283
0.225276
0.178003
0.251764
0.270074
0.448433
0.260290
0.188543
0.340286
0.234669
0.193769
0.327338
0.351129
0.161728
0.267261
0.237834
0.401710
0.346162
0.291676
0.208628
0.370694
0.276981
0.331323
0.280195
0.219713
0.291340
0.356621
0.243808
0.275314
0.251025
0.408173
0.130076
0.373028
0.207763
0.239927
0.209950
0.271270
0.202432
0.288009
0.205576
0.361281
0.309265
0.350411
0.290657
0.250241
0.237676
0.171988
0.252463
0.448008
0.193112
0.260257
0.324485
0.228479
0.249462
0.279829
0.314262
0.353763
0.261922
0.251585
0.282773
0.213681
0.271947
0.198676
0.303822
0.241962
0.251884
0.217771
0.255625
0.423402
0.322375
0.105102
0.336207
0.300160
0.275738
0.313264
0.237903
0.337375
0.324912
0.366895
0.329650
0.265786
0.184319
0.257360
0.300269
0.301585
0.243324
0.260299
0.242983
0.230345
0.228546
0.209383
0.260680
0.280479
0.210824
0.251650
0.241851
0.268997
0.241292
0.251195
0.323261
0.264200
0.313144
0.230110
0.354000
0.362992
0.323461
0.296010
0.282304
0.217070
0.181550
0.330510
0.304793
0.327982
0.332456
0.253482
0.220943
0.449226
0.260470
0.309552
0.337841
0.301018
0.247582
0.235639
0.255131
0.218776
0.231761
0.200485
0.302416
0.333399
0.230729
0.248483
0.310534
0.339183
0.249070
0.189375
0.385319
0.174522
0.268436
0.327619
0.216206
0.345580
0.327353
0.252410
0.381295
0.360747
0.286230
0.199990
0.223580
0.244754
0.325451
0.310668
0.223233
0.213991
0.341585
0.318183
0.324872
0.306357
0.368601
0.201219
0.591396
0.381434
0.260918
0.222456
0.401488
0.379126
0.325871
0.376434
0.325190
0.240724
0.230741
0.225734
0.202732
0.259761
0.281579
0.254018
0.252166
0.243766
0.243950
0.277676
0.324201
0.317303
0.298919
0.254988
0.240300
0.242682
0.315128
0.443180
0.270911
0.192521
0.184304
0.335154
0.299340
0.326804
0.268391
0.251926
0.379296
0.326662
0.155659
0.321597
0.180849
0.349147
0.249159
0.274908
0.215208
0.258980
0.322853
0.255314
0.342456
0.279471
0.258329
0.208861
0.358164
0.272226
0.327682
0.198798
0.430108
0.327086
0.197440
0.462351
0.383555
0.286202
0.232050
0.328897
0.231595
0.335838
0.378745
0.386760
0.230748
0.322105
0.202707
0.226370
0.283408
0.101828
0.189623
0.218209
0.215335
0.238859
0.367857
0.320895
0.259906
0.380979
0.179448
0.234500
0.353253
0.243676
0.417989
0.311762
0.324443
0.265827
0.316468
0.238168
0.301082
0.242450
0.256003
0.375142
0.253981
0.254688
0.294375
0.264923
0.349916
0.263392
0.211361
0.222546
0.296345
0.335790
0.150051
0.311993
0.291974
0.307329
0.258776
0.264236
0.286023
0.306381
0.344869
0.173553
0.310264
0.306277
0.399842
0.207332
0.240084
0.243026
0.398496
0.236936
0.272091
0.343212
0.219429
0.227086
0.324526
0.174962
0.359630
0.117876
0.204281
0.235244
0.291092
0.259665
0.208564
0.310215
0.344405
0.304838
0.219533
0.420057
0.283636
0.225467
0.306826
0.281231
0.211499
0.241328
0.253584
0.386122
0.265438
0.356594
0.232912
0.327534
0.262516
0.194247
0.342836
0.383419
0.192221
0.230757
0.291255
0.341302
0.212470
0.304268
0.334059
0.195371
0.348875
0.315926
0.346412
0.218756
0.386779
0.255399
0.270965
0.126463
0.209014
0.340330
0.384118
0.299537
0.329539
0.226170
0.336689
0.216916
0.369809
0.192125
0.110130
0.198818
0.168036
0.286835
0.182768
0.272011
0.214145
0.393765
0.307423
0.296207
0.172677
0.338225
0.388979
0.288911
0.202415
0.308415
0.225465
0.154910
0.294974
0.226214
0.414465
0.232668
0.240896
0.187274
0.379142
0.217775
0.291567
0.305158
0.230765
0.309487
0.245258
0.189171
0.281310
0.204052
0.300024
0.177704
0.309423
0.205494
0.283949
0.176902
0.144854
0.269141
0.350411
0.332860
0.186423
0.363652
0.248767
0.362063
0.299610
0.222714
0.321085
0.255898
0.156353
0.165598
0.233963
0.265684
0.224956
0.196322
0.336432
0.220554
0.202267
0.189773
0.179048
0.265746
0.310185
0.179098
0.190095
0.285677
0.156514
0.331159
0.217858
0.277751
0.304975
0.234977
0.207869
0.320947
0.287438
0.238924
0.249132
0.265258
0.190251
0.277940
0.174293
0.216525
0.203397
0.309880
0.274952
0.274968
0.333055
0.239205
0.356615
0.273715
0.229803
0.230124
0.229547
0.292119
0.230724
0.296142
0.225220
0.232204
0.199429
0.205393
0.265800
0.202061
0.294445
0.232673
0.237709
0.220348
0.371678
0.236802
0.270846
0.284415
0.283760
0.212745
0.288584
0.313507
0.194817
0.138650
0.260425
0.186217
0.159842
0.300892
0.181850
0.430457
0.259094
0.226727
0.343434
0.217589
0.176701
0.241770
0.176443
0.260275
0.317910
0.315021
0.214390
0.280481
0.186279
0.240514
0.261481
0.288933
0.308436
0.306137
0.241720
0.205611
0.184326
0.448926
0.251273
0.272250
0.402219
0.196975
0.204450
0.161350
0.368583
0.281474
0.193139
0.346552
0.161264
0.281745
0.351685
0.188580
0.256174
0.167504
0.248271
0.250936
0.250367
0.443126
0.441818
0.149674
0.240938
0.235111
0.244629
0.222635
0.223241
0.221560
0.214643
0.260293
0.432197
0.443712
0.379360
0.292488
0.286614
0.223263
0.228521
0.294922
0.233174
0.361512
0.248257
0.223732
0.205588
0.265584
0.222586
0.272390
0.256130
0.286135
0.223910
0.461393
0.340583
0.167347
0.194610
0.248997
0.168226
0.241037
0.251527
0.326749
0.250880
0.246644
0.249413
0.159821
0.284834
0.191227
0.254858
0.274888
0.216784
0.277898
0.328469
0.170320
0.212505
0.181913
0.193667
0.301655
0.296501
0.288915
0.268567
0.189717
0.207892
0.318162
0.255931
0.193877
0.270741
0.223711
0.246760
0.181649
0.282082
0.172257
0.283239
0.121205
0.298320
0.231569
0.292085
0.231218
0.135199
0.338369
0.285474
0.209930
0.350810
0.237661
0.207820
0.258403
0.196924
0.316030
0.189190
0.217720
0.440515
0.264638
0.192878
0.195756
0.297964
0.301141
0.284242
0.343315
0.272814
0.248469
0.286335
0.275549
0.216256
0.131678
0.305537
0.276056
0.220968
0.321661
0.446974
0.198264
0.231279
0.251515
0.191675
0.286899
0.244699
0.323157
0.373499
0.190750
0.405678
0.268080
0.245140
0.153424
0.316515
0.243313
0.165848
0.273730
0.376801
0.270705
0.126800
0.235186
0.193865
0.241755
0.194330
0.263253
0.170915
0.241016
0.374073
0.556375
0.311292
0.244401
0.226253
0.217842
0.358883
0.450369
0.303941
0.284177
0.325137
0.196923
0.259581
0.334113
0.145102
0.340033
0.208599
0.328746
0.258664
0.254552
0.310348
0.320345
0.278112
0.292583
0.363260
0.316317
0.347241
0.267193
0.197425
0.352416
0.353413
0.351025
0.361999
0.247533
0.255415
0.200689
0.242938
0.305858
0.191672
0.282841
0.242749
0.320692
0.227544
0.445925
0.313773
0.359165
0.357644
0.357153
0.192967
0.229297
0.274642
0.272707
0.394918
0.221849
0.293984
0.344315
0.275487
0.321232
0.186821
0.254956
0.272786
0.223120
0.196140
0.201146
0.271469
0.335310
0.331655
0.208250
0.186822
0.285296
0.352440
0.172139
0.180303
0.287625
0.240138
0.240036
0.320474
0.176600
0.211923
0.275992
0.303150
0.240667
0.208193
0.213735
0.196787
0.244536
0.301283
0.247086
0.320838
0.381857
0.198461
0.223666
0.183036
0.198586
0.249254
0.271921
0.313799
0.261261
0.323402
0.409463
0.234664
0.272351
0.162665
0.270143
0.191839
0.227589
0.175437
0.267539
0.201191
0.318540
0.227407
0.388499
0.189330
0.272355
0.294858
0.200767
0.214798
0.240026
0.302268
0.271908
0.206320
0.264260
0.179915
0.154756
0.150041
0.340269
0.273229
0.171674
0.167005
0.281039
0.182763
0.175617
0.196074
0.291918
0.192779
0.115777
0.178309
0.230376
0.222583
0.189832
0.176560
0.189022
0.142795
0.344717
0.249805
0.157244
0.329895
0.215009
0.373526
0.130623
0.181752
0.150280
0.196702
0.173278
0.174493
0.244599
0.158666
0.299973
0.189170
0.234577
0.216845
0.160513
0.297287
0.317229
0.181494
0.192933
0.166524
0.259024
0.148083
0.195186
0.237774
0.146389
0.129317
0.159298
0.219736
0.241690
0.172308
0.197660
0.239469
0.235913
0.171129
0.163904
0.164102
0.213563
0.204631
0.216564
0.318884
0.148868
0.293149
0.234072
0.321072
0.197570
0.170128
0.220856
0.180761
0.215059
0.164872
0.305001
0.263087
0.202528
0.374000
0.334336
0.282720
0.184328
0.202877
0.242663
0.304488
0.177206
0.181445
0.300402
0.313079
0.326679
0.167347
0.268574
0.124049
0.269492
0.267600
0.171609
0.162009
0.197860
0.234087
0.264735
0.323952
0.192090
0.255307
0.187544
0.196725
0.267916
0.356918
0.310515
0.229514
0.218015
0.333812
0.152428
0.154668
0.247434
0.279396
0.299761
0.337164
0.231301
0.335835
0.155248
0.214449
0.330774
0.348907
0.142512
0.286425
0.167645
0.201156
0.215490
0.379624
0.185479
0.350074
0.198430
0.104567
0.192704
0.164552
0.210157
0.248577
0.194272
0.251344
0.303609
0.220450
0.247263
0.259074
0.265639
0.319028
0.263020
0.303956
0.199248
0.312945
0.312987
0.359412
0.251431
0.159994
0.268405
0.293449
0.247799
0.154242
0.260933
0.300084
0.250035
0.229489
0.232721
0.343232
0.243620
0.277340
0.261925
0.446747
0.264543
0.265678
0.275659
0.165173
0.322423
0.356153
0.261233
0.268335
0.305697
0.311338
0.210237
0.294548
0.252324
0.354150
0.317432
0.284037
0.248613
0.238736
0.240304
0.161187
0.368683
0.190736
0.131955
0.321405
0.343742
0.211150
0.309797
0.187686
0.225029
0.246821
0.323501
0.254597
0.181518
0.194075
0.257813
0.193171
0.274385
0.213664
0.212449
0.280713
0.176431
0.322000
0.122941
0.228661
0.236683
0.322808
0.214527
0.293025
0.252536
0.292727
0.183213
0.248313
0.167545
0.235590
0.156904
0.190048
0.308818
0.225942
0.256475
0.221166
0.238075
0.274992
0.158213
0.263878
0.325143
0.183138
0.248565
0.222405
0.275965
0.223516
0.181246
0.258734
0.314526
0.252055
0.325283
0.263223
0.273200
0.317462
0.334598
0.251867
0.195537
0.293066
0.210850
0.262401
0.256752
0.236014
0.216647
0.244124
0.300128
0.295284
0.277843
0.220861
0.170165
0.234863
0.211175
0.270580
0.415921
0.248522
0.211315
0.198812
0.248182
0.146544
0.232889
0.234167
0.245227
0.190723
0.282067
0.213965
0.203289
0.152024
0.394577
0.276982
0.224498
0.270490
0.216779
0.230510
0.267213
0.302514
0.230469
0.132880
0.210772
0.238457
0.261005
0.299025
0.352635
0.192454
0.161842
0.199607
0.254240
0.261673
0.094356
0.207131
0.195975
0.245838
0.251231
0.212311
0.341664
0.271690
0.299370
0.224212
0.286780
0.226849
0.380480
0.273558
0.269576
0.175557
0.173213
0.382555
0.246037
0.380180
0.202707
0.479470
0.276878
0.367824
0.344050
0.264978
0.248359
0.293485
0.224484
0.212841
0.411443
0.352504
0.221476
0.300763
0.272843
0.340171
0.398166
0.233977
0.184867
0.272586
0.298373
0.173563
0.281230
0.440324
0.227507
0.259145
0.175276
0.251417
0.223550
0.360941
0.143505
0.249567
0.320530
0.162484
0.223370
0.381386
0.095611
0.139160
0.394248
0.267160
0.242745
0.213537
0.275185
0.219798
0.235994
0.176386
0.230185
0.193063
0.269364
0.240353
0.240297
0.240225
0.154736
0.265150
0.100472
0.190834
0.314338
0.274602
0.414286
0.272712
0.167555
0.223980
0.217292
0.226348
0.322896
0.199221
0.193043
0.350583
0.152368
0.225580
0.339434
0.212830
0.209323
0.195588
0.203757
0.257456
0.185062
0.223330
0.241478
0.188343
0.194444
0.265590
0.231732
0.192297
0.185189
0.123400
0.218105
0.147496
0.232949
0.176588
0.319848
0.244091
0.198119
0.247104
0.128269
0.165062
0.218589
0.290204
0.228540
0.251026
0.190711
0.197730
0.220835
0.247856
0.172323
0.262742
0.239924
0.228692
0.189607
0.245400
0.113057
0.375305
0.259908
0.179181
0.179473
0.235658
0.236731
0.194874
0.172439
0.150582
0.148121
0.274317
0.347217
0.148920
0.172397
0.242892
0.279512
0.140583
0.224931
0.258396
0.260038
0.206101
0.230560
0.190707
0.282696
0.263942
0.248164
0.238318
0.221339
0.152275
0.134148
0.283339
0.189546
0.196272
0.275537
0.201924
0.289448
0.179767
0.187287
0.183094
0.337301
0.295112
0.104592
0.240960
0.152986
0.252574
0.298580
0.144054
0.170881
0.174925
0.268973
0.201937
0.158673
0.253687
0.291539
0.264579
0.231738
0.252078
0.202784
0.143032
0.232257
0.241549
0.156744
0.242707
0.164369
0.267435
0.224514
0.144723
0.164863
0.202581
0.112561
0.189445
0.277343
0.256055
0.299361
0.219850
0.235924
0.173952
0.180819
0.272678
0.169002
0.158813
0.273818
0.184320
0.242499
0.211562
0.189307
0.276880
0.231922
0.224778
0.171118
0.260989
0.226418
0.302207
0.187861
0.255063
0.175881
0.304506
0.207906
0.157722
0.156732
0.204237
0.323016
0.188639
0.235052
0.251086
0.221996
0.183783
0.239560
0.263664
0.123906
0.238056
0.249527
0.336630
0.144012
0.225609
0.247933
0.190023
0.211451
0.296482
0.171635
0.256868
0.211470
0.160824
0.309317
0.142770
0.293332
0.207308
0.245796
0.237057
0.206888
0.268854
0.241152
0.318454
0.183528
0.132573
0.338714
0.166970
0.158377
0.211382
0.163018
0.178165
0.229860
0.175925
0.189349
0.216125
0.308761
0.233960
0.186852
0.204944
0.185601
0.218379
0.237200
0.142441
0.194496
0.259420
0.189913
0.218537
0.385619
0.357032
0.225436
0.159837
0.187680
0.138871
0.249597
0.388679
0.134290
0.188978
0.262585
0.158402
0.223042
0.230754
0.266306
0.131973
0.244053
0.273586
0.238805
0.201614
0.223241
0.203322
0.283763
0.161470
0.257288
0.221324
0.184022
0.326392
0.386270
0.235705
0.220758
0.224735
0.251255
0.431538
0.140853
0.240044
0.180989
0.220782
0.191650
0.297202
0.330724
0.184638
0.211169
0.379251
0.314205
0.195572
0.272911
0.261688
0.260031
0.276306
0.257992
0.229254
0.261875
0.252256
0.226327
0.208446
0.208144
0.319200
0.141010
0.193589
0.180196
0.221307
0.396657
0.269580
0.340881
0.215217
0.219176
0.344280
0.324890
0.244457
0.162939
0.298746
0.170215
0.116590
0.234732
0.267682
0.229410
0.293877
0.287288
0.229328
0.251017
0.254433
0.294867
0.290089
0.303773
0.161978
0.243266
0.215045
0.256622
0.313970
0.265823
0.194010
0.172749
0.189739
0.248569
0.355762
0.146523
0.197469
0.197045
0.233820
0.188901
0.301553
0.177023
0.278384
0.262877
0.229798
0.356047
0.240126
0.223816
0.325796
0.229281
0.213611
0.194102
0.147646
0.333194
0.225762
0.197952
0.217259
0.212252
0.214058
0.204371
0.188723
0.170125
0.308895
0.241900
0.231629
0.294432
0.169767
0.160265
0.276960
0.188533
0.164367
0.371044
0.194005
0.317833
0.222879
0.331961
0.130833
0.127799
0.194463
0.202630
0.302248
0.172384
0.321580
0.153839
0.320445
0.205939
0.300286
0.254942
0.251979
0.087731
0.214069
0.233852
0.532213
0.161600
0.192718
0.188790
0.409347
0.319063
0.256835
0.184369
0.289647
0.255825
0.385184
0.234810
0.190596
0.107601
0.369076
0.134367
0.206417
0.108623
0.165926
0.157660
0.248065
0.206812
0.166137
0.165766
0.258760
0.179274
0.336506
0.218652
0.200848
0.235299
0.169573
0.208634
0.093044
0.159903
0.283535
0.216254
0.154443
0.171708
0.164794
0.124137
0.137240
0.213607
0.136872
0.181217
0.230024
0.152113
0.227691
0.144537
0.084927
0.400733
0.252043
0.077781
0.245526
0.205260
0.242009
0.209968
0.184480
0.264401
0.222902
0.142754
0.136690
0.167152
0.259845
0.118406
0.286183
0.197288
0.213936
0.186874
0.190233
0.136937
0.194305
0.211099
0.125075
0.121137
0.190738
0.246717
0.197801
0.210455
0.132520
0.224176
0.117600
0.306353
0.223446
0.157677
0.153910
0.216671
0.273832
0.137577
0.178926
0.227200
0.152425
0.209499
0.272940
0.227247
0.291530
0.253285
0.180321
0.185976
0.225241
0.208633
0.159803
0.236420
0.151269
0.247237
0.188092
0.151150
0.166591
0.277417
0.152131
0.164563
0.208221
0.188666
0.117009
0.188487
0.158315
0.332987
0.211817
0.153375
0.237906
0.266887
0.205399
0.205821
0.182917
0.106697
0.153165
0.297088
0.152082
0.098851
0.118711
0.150611
0.236422
0.125986
0.121262
0.297809
0.143570
0.255901
0.220609
0.332559
0.178976
0.225377
0.148167
0.166704
0.273439
0.292225
0.133402
0.233552
0.242977
0.226550
0.167106
0.102091
0.220075
0.259999
0.169277
0.229513
0.301391
0.295900
0.238506
0.109323
0.211501
0.118231
0.202131
0.209158
0.308307
0.197491
0.155956
0.219482
0.153306
0.172350
0.182167
0.343923
0.169615
0.203853
0.189083
0.156001
0.230462
0.174424
0.191318
0.165595
0.266156
0.298260
0.294261
0.226206
0.182464
0.197036
0.213109
0.158889
0.231374
0.136464
0.238287
0.189077
0.384559
0.140811
0.263891
0.172536
0.183635
0.309541
0.149645
0.279744
0.203588
0.157413
0.154870
0.261773
0.210874
0.296058
0.178427
0.285176
0.240396
0.175498
0.343889
0.174002
0.225716
0.205904
0.165000
0.249277
0.430894
0.291478
0.181326
0.201806
0.148801
0.166654
0.236096
0.251666
0.316680
0.207476
0.276098
0.271650
0.182955
0.163141
0.285965
0.204152
0.177323
0.162428
0.146023
0.196333
0.221968
0.230730
0.375208
0.257115
0.151495
0.239388
0.249339
0.358892
0.219708
0.125968
0.226117
0.356021
0.222667
0.235220
0.217582
0.232197
0.161380
0.208530
0.353107
0.238263
0.265160
0.257481
0.298906
0.166741
0.206602
0.279683
0.254937
0.180823
0.298542
0.216831
0.176103
0.219035
0.291136
0.197422
0.332057
0.246961
0.305613
0.295235
0.254641
0.282443
0.177406
0.205335
0.221068
0.197758
0.257907
0.367089
0.178483
0.202525
0.241567
0.250798
0.232225
0.217982
0.248953
0.119430
0.280049
0.130714
0.209516
0.248561
0.206894
0.222326
0.179675
0.267458
0.301223
0.136229
0.174288
0.227231
0.108012
0.139696
0.161636
0.297616
0.216363
0.176014
0.269424
0.134650
0.258434
0.080995
0.287794
0.282693
0.312992
0.145801
0.110015
0.231254
0.216267
0.299765
0.205212
0.215108
0.271696
0.173232
0.145675
0.233118
0.224102
0.223015
0.252614
0.140950
0.364340
0.110183
0.260608
0.158412
0.260249
0.250921
0.196130
0.249480
0.223290
0.254651
0.110649
0.238799
0.182972
0.364250
0.258709
0.149065
0.253533
0.134780
0.274799
0.120796
0.157793
0.284568
0.352575
0.213581
0.153380
0.214016
0.098613
0.253202
0.243906
0.208114
0.311492
0.186836
0.241346
0.194038
0.212141
0.210297
0.297936
0.153368
0.182017
0.166176
0.127754
0.177465
0.204960
0.149356
0.298783
0.231230
0.337568
0.261319
0.181541
0.198863
0.226277
0.161372
0.204248
0.208315
0.274767
0.152597
0.232620
0.197323
0.194150
0.405801
0.261639
0.255362
0.193390
0.175650
0.152530
0.199889
0.251925
0.307575
0.202571
0.230637
0.368672
0.265870
0.166307
0.192289
0.076044
