2.621818
2.449172
2.358378
2.379824
2.365187
2.440398
2.280565
2.110821
2.245043
2.096843
2.115532
1.959187
2.081885
1.974338
1.996176
1.981092
1.937969
1.908507
1.916585
2.024267
1.997779
2.068251
1.854684
2.073010
1.901194
1.859967
1.880834
1.956346
1.863119
1.933533
1.866154
1.939577
1.899812
1.960750
1.760012
1.756930
1.883440
1.639186
1.889593
1.839723
1.873927
1.693002
1.822625
1.910302
1.781995
1.775552
1.772784
1.614813
1.742845
1.707945
1.663273
1.762577
1.551565
1.807964
1.860860
1.748661
1.740121
1.867612
1.555517
1.862837
1.707909
1.637969
1.714831
1.659477
1.625594
1.659440
1.789390
1.711320
1.652835
1.780778
1.724719
1.776502
1.722257
1.808140
1.614709
1.605726
1.742425
1.504897
1.538991
1.727680
1.710767
1.542057
1.544783
1.524965
1.603761
1.671815
1.635380
1.577304
1.607288
1.500795
1.678016
1.679915
1.645527
1.527877
1.499318
1.657766
1.633636
1.591822
1.488395
1.490116
1.626217
1.637463
1.535148
1.667542
1.462015
1.709245
1.505010
1.486081
1.606177
1.593636
1.525931
1.636922
1.388925
1.661753
1.501075
1.590205
1.584409
1.619356
1.638053
1.657430
1.422682
1.564541
1.506398
1.512482
1.532417
1.544419
1.574907
1.654470
1.606793
1.497887
1.620773
1.472502
1.621618
1.648139
1.413606
1.471143
1.510836
1.532677
1.611200
1.493040
1.546111
1.350773
1.428846
1.532996
1.402669
1.432060
1.443776
1.609990
1.503581
1.528674
1.512124
1.502160
1.466295
1.513000
1.597728
1.446078
1.459040
1.369199
1.745876
1.550111
1.540150
1.479710
1.487663
1.545488
1.665404
1.532910
1.367679
1.678805
1.646796
1.633191
1.458468
1.420546
1.502317
1.477168
1.425325
1.472187
1.470918
1.373858
1.415772
1.551826
1.275615
1.613916
1.553635
1.407140
1.399452
1.385527
1.382728
1.455984
1.308674
1.375206
1.593300
1.606009
1.581245
1.329212
1.325967
1.393595
1.563474
1.360258
1.362717
1.350971
1.330611
1.336004
1.664875
1.402765
1.470604
1.414692
1.349850
1.367563
1.606535
1.459051
1.329150
1.318661
1.335571
1.526298
1.410984
1.446140
1.585785
1.603147
1.392104
1.448499
1.286542
1.394143
1.347084
1.403745
1.476923
1.289545
1.328316
1.350154
1.415394
1.396904
1.322283
1.559170
1.564373
1.316085
1.407939
1.348752
1.372508
1.379270
1.229916
1.368222
1.437309
1.508308
1.501410
1.251105
1.411356
1.289899
1.300823
1.255919
1.358852
1.302351
1.241331
1.389300
1.516512
1.383918
1.413629
1.409513
1.251312
1.299900
1.401720
1.279023
1.293948
1.275955
1.315513
1.232821
1.329918
1.350476
1.326778
1.491032
1.471404
1.231356
0.992519
1.249150
1.344685
1.405173
1.359975
1.305789
1.181751
1.249853
1.351885
1.337042
1.378813
1.318348
1.112419
1.159410
1.360884
1.426674
1.188062
1.408374
1.424057
1.208722
1.295143
1.333419
1.385346
1.336921
1.647351
1.306698
1.283851
1.442786
1.336123
1.438303
1.277313
1.180869
1.515583
1.273491
1.261343
1.292917
1.198010
1.292458
1.398568
1.339036
1.245733
1.286632
1.248217
1.140814
1.261117
1.289618
1.326803
1.281606
1.468539
1.341507
1.350438
1.268427
1.222931
1.315816
1.249734
1.240795
1.184548
1.463341
1.363806
1.169316
1.341828
1.240581
1.198996
1.226112
1.168527
1.320966
1.371565
1.251477
1.117544
1.189711
1.188394
1.341054
1.350965
1.159076
1.239754
1.436194
1.199672
1.128744
1.426426
1.257007
1.142965
1.256008
1.233385
1.373568
1.171697
1.311239
1.298006
1.290926
1.112930
1.264551
1.214690
1.080902
1.300305
1.108596
1.211959
1.415789
1.439813
1.287048
1.349029
1.091830
1.220870
1.248746
1.422064
1.314287
1.307680
1.164614
1.385330
1.230744
1.278435
1.113084
1.216784
1.250949
1.342670
1.015839
1.119470
1.210040
1.202006
1.338389
1.425692
1.158861
1.466013
1.193652
1.369402
1.126890
1.166527
1.144490
1.280846
1.409030
1.257017
1.262854
1.202868
1.235080
1.122704
1.347622
1.280833
1.156605
1.337917
1.188605
1.257643
1.176551
1.285567
1.339682
1.195125
1.230979
1.217844
1.305588
1.164118
1.133272
1.094056
1.124455
1.161926
1.067525
1.369979
1.034931
1.051478
1.171331
1.274999
1.373982
1.215510
1.230928
1.054307
1.353849
1.258003
1.295440
1.199471
1.358537
1.234750
0.998219
1.146034
1.218756
1.270960
1.182303
1.174437
1.311218
1.227408
1.120831
1.253320
1.021937
1.208909
1.182752
1.248378
1.272288
1.233334
1.231605
1.488508
1.117882
1.300555
1.355771
1.226580
1.095422
1.219564
1.187407
1.089232
1.172004
1.074673
1.228527
1.230993
1.153742
1.214392
1.050415
1.166814
1.147043
1.170455
1.051085
1.113432
1.203829
0.917900
1.212547
1.285653
1.313913
1.188674
1.173530
1.084178
1.073653
1.221047
1.054270
1.242717
1.164085
1.153405
1.254840
1.321071
1.133791
1.140065
1.083750
1.308450
1.145041
1.239563
1.371771
1.146561
0.955685
1.249846
1.076550
1.210819
1.223601
1.246640
1.039753
1.130867
1.119749
1.164507
1.178244
1.013162
1.025886
1.248748
1.047197
1.118053
1.138563
1.075106
1.091051
1.170273
1.147269
1.185749
1.067454
1.348815
0.993020
1.025177
1.020163
1.044541
0.933999
1.155750
1.109272
1.120991
1.142824
1.046644
1.215884
1.001630
1.056814
1.204643
1.247256
1.312339
1.283466
1.167060
1.130370
0.920388
1.153210
1.117440
1.318523
0.951571
1.312543
1.190840
1.035332
1.080754
1.073874
1.031866
1.288088
1.252383
1.023955
1.278928
1.216480
1.204207
1.086228
1.152470
1.143077
1.018456
1.138053
1.251211
1.092864
1.220601
1.030558
1.049990
1.280602
1.254390
1.210416
1.213298
0.910061
1.243789
1.237715
1.177524
1.245341
1.109776
1.269940
1.184545
1.063730
0.854870
1.154774
1.043631
1.233937
1.281024
1.229107
1.067235
1.105147
1.042810
1.131628
1.143804
1.122610
1.080727
1.090711
1.238210
1.344701
1.094445
1.060999
1.013621
1.065812
1.314279
1.046465
1.219678
1.117318
1.174031
1.111195
1.157646
1.068431
1.033739
0.947209
1.020959
1.164552
1.307073
1.140474
0.916464
0.893807
0.883247
1.210092
0.990052
1.277196
1.076722
1.340601
1.114519
1.118964
1.014509
1.076504
1.285747
1.090766
1.035892
1.071483
1.069328
1.018213
1.054450
0.896465
1.193756
0.971566
1.099090
1.077363
1.157455
1.016647
1.122925
1.171493
1.009249
1.219186
1.010813
1.072585
1.094465
1.066941
1.076347
0.970640
1.048689
1.167089
1.070629
1.087780
1.036100
1.227493
0.996540
1.017949
1.029753
1.210045
0.985316
1.236163
1.107360
0.936738
1.198251
0.968877
1.086540
0.976990
0.964235
1.071120
1.210893
1.121988
1.170088
1.245749
1.174809
1.050633
1.091317
1.316091
1.364106
1.031415
1.148190
1.129516
0.924379
1.018188
1.084919
1.281358
1.023407
0.958225
1.382656
0.985983
1.158556
1.144942
1.145804
0.923923
0.965606
1.265309
1.265653
1.143425
0.978004
1.202453
1.173609
1.028986
1.103251
1.106527
0.880873
1.041396
0.957090
1.152291
0.983239
1.105866
1.227598
1.107074
1.050970
1.103151
1.027224
0.886654
1.225908
1.061394
1.054189
1.002664
1.100024
1.087321
1.035636
1.039963
1.087240
1.120602
1.190108
1.141949
1.110900
0.916678
1.179015
1.154769
1.031261
1.353037
1.076872
1.181822
1.003684
1.150287
1.132010
1.207813
1.168959
0.978747
1.165651
1.140254
1.114923
1.094991
0.968888
0.949768
0.931994
1.059946
1.036130
1.020101
1.234936
1.030572
0.897294
1.062312
1.086835
0.897157
1.022128
1.026482
0.984127
1.113113
1.119980
1.123672
0.832376
1.035989
1.021812
1.017223
1.010207
1.051371
1.146284
0.819589
1.181786
1.236815
1.211721
1.194476
0.960439
1.057164
1.144758
0.921556
0.982283
1.192210
1.028707
1.004434
1.009151
1.190282
1.067097
0.992814
0.989487
1.025267
1.030542
0.970199
1.121464
0.870964
1.052300
1.063063
1.001149
0.803500
0.912453
0.931906
0.904143
1.136544
1.014775
1.124910
1.072094
0.929747
1.105749
0.896468
0.888683
0.914761
0.896503
0.965850
1.183325
0.903842
0.874216
0.983586
1.011616
1.126748
1.031297
1.031106
1.010487
1.003667
1.096082
1.022378
1.052613
1.079239
0.904927
1.207829
1.011169
1.007533
1.091018
0.968222
0.878625
0.939579
0.990295
0.966278
1.047490
1.002978
0.920930
1.040198
1.033549
0.974345
1.053134
1.037452
1.032541
1.129014
0.969624
1.121427
0.905122
0.912882
1.019108
1.044504
1.073314
1.115711
0.983394
1.059632
1.063393
1.068512
1.030425
0.875301
0.907594
1.150288
0.846391
1.000102
0.927674
0.822280
1.051132
1.099112
1.028639
0.897398
1.039861
0.909159
1.075482
1.032666
1.099474
1.050659
1.076827
1.014344
1.046692
0.980269
1.163871
0.993317
0.828953
0.911356
0.964441
0.839018
1.074566
1.172764
1.167314
1.068554
0.909311
0.883262
0.860634
1.041256
1.006853
1.160846
1.054442
1.013969
1.020037
0.899807
1.024879
0.987487
0.928330
1.084848
1.010783
0.839871
0.809714
0.914800
1.058725
1.257968
0.979974
0.816808
0.891805
0.951543
1.196352
0.904404
1.146174
0.993032
0.997853
1.104474
0.940572
1.012470
0.873844
1.119503
1.109254
0.912191
0.931834
1.081164
0.924855
1.184272
1.079531
0.861529
0.965249
0.941699
1.035441
0.995641
1.019758
0.869750
0.898640
0.916254
0.940298
1.008014
0.973270
1.007581
0.931704
1.041937
0.998717
0.985942
1.153877
1.034003
0.889153
1.082821
1.068428
1.000968
0.998522
1.013235
0.913328
1.055274
0.986328
1.064384
0.952175
0.897527
0.886917
0.985857
0.699773
1.087626
0.898386
1.193354
0.997692
0.921870
0.939886
0.838029
0.973033
0.902249
1.065727
1.170712
1.109885
0.936889
1.059879
0.949449
0.903807
0.896349
1.048457
0.978687
1.102528
1.009153
1.134767
1.072542
0.927052
1.029778
0.925577
0.847162
1.089946
1.011878
0.961007
1.032514
0.920480
1.012314
0.914221
0.798292
1.065586
1.028120
0.780295
0.820234
1.155575
1.124398
0.906252
1.005765
0.926337
0.808508
0.890278
0.887687
0.980787
0.931388
0.907024
1.146488
1.002263
1.039764
0.961340
1.088657
0.889327
0.847444
1.144833
1.000043
0.968951
0.973923
0.883631
0.956357
1.033484
1.017614
0.871071
0.927420
0.898590
0.856971
0.852605
0.858531
0.891940
0.977443
1.149431
0.847272
0.765670
1.070321
0.903921
1.066856
0.948451
0.960879
1.057415
0.802968
1.083400
1.068405
0.934148
1.006303
0.931764
1.014026
0.912566
0.931895
1.061743
0.920939
0.866134
0.971624
0.905844
0.805059
1.044528
0.985255
0.975785
1.068059
0.843457
1.075838
0.913795
0.929575
1.020492
0.781753
0.838872
0.930563
0.880303
1.001540
0.875692
0.837004
0.819496
0.864905
0.758825
0.853841
1.010454
1.002570
0.844431
0.957469
0.865203
0.929885
0.912136
1.062692
0.969063
0.790163
0.876604
0.861396
0.997672
0.999776
0.847082
0.866316
1.025548
1.108727
0.922751
0.802537
0.798550
1.034655
0.957565
0.816363
0.982866
0.802494
1.085260
0.977244
0.808291
0.887647
0.773049
0.904445
0.966824
0.761915
0.944875
0.945151
0.943611
0.992667
0.862832
1.040820
1.032021
1.062231
1.016869
0.832950
1.002792
0.911122
0.918330
1.128376
1.035708
0.911954
0.917392
0.812478
0.831169
0.929088
0.866302
0.954119
0.882233
0.971531
1.121094
1.033920
0.891633
0.932970
0.909095
1.028745
0.867205
0.841240
1.027615
0.791880
0.803515
1.150809
0.924560
0.853011
0.913883
0.795754
0.832483
0.775442
0.790339
0.864395
0.915029
0.829476
0.906443
0.848050
0.894325
1.002847
0.958391
0.939837
0.932709
0.912967
0.727325
0.877082
0.829519
0.941763
0.918334
0.928291
0.983871
0.875397
0.841514
0.841857
1.040078
0.976733
0.905016
0.820368
0.849618
0.838758
1.032010
0.865535
0.909225
0.760217
0.986322
1.189565
0.889960
0.801505
0.878021
0.858683
0.728373
0.867958
0.749267
0.766841
0.990184
0.822809
0.803881
0.852516
0.868339
0.838826
0.946562
0.780854
0.963235
0.946249
0.836198
0.758513
0.877881
0.837876
1.058427
0.728911
0.972202
0.770473
0.745796
0.894115
0.621644
0.992314
0.849814
0.943751
0.992342
0.911895
0.703652
0.852337
1.078697
0.853351
0.776009
0.829604
0.779458
0.965952
0.990643
0.956262
1.041770
0.997860
0.862856
0.734909
0.787868
0.743491
0.950690
0.864924
0.878820
0.890252
0.704663
0.970292
0.690295
0.849646
0.921867
0.881334
0.862612
0.814877
0.976776
1.098768
0.898792
0.812030
0.879076
1.016452
0.736165
0.909440
0.997625
0.689243
0.822941
0.961206
0.813391
0.938546
0.781469
0.962980
0.871793
0.895097
0.934911
0.799104
0.882786
0.964599
0.890829
0.926533
0.950636
0.840067
0.906514
0.846772
0.861726
0.765132
0.802637
1.027563
0.850240
0.855615
0.872261
0.865109
0.926924
0.896806
1.129859
0.810722
1.058791
0.744779
1.229304
0.766120
0.823729
0.746333
0.693181
0.808046
0.867945
0.788162
0.860553
0.865189
0.737083
0.798592
0.842784
0.797866
0.828916
0.726510
0.795132
0.868087
0.846516
0.907825
0.860457
0.943558
1.097057
0.845475
0.885084
0.968947
0.901983
0.777747
0.738822
0.732156
0.774376
0.676408
0.841675
0.953918
0.837073
0.850722
0.942707
0.870638
0.958686
0.984798
0.982249
0.972030
0.846135
0.869288
0.799680
0.931474
0.912101
0.896419
1.076397
0.741122
0.793592
0.884323
0.870677
0.925568
0.717617
0.980841
0.811559
0.919553
0.744322
0.720621
0.803660
0.865194
0.875356
0.898514
0.940196
0.872351
0.775530
1.090690
0.845020
0.724996
0.766033
0.857338
0.798143
0.895394
1.053691
0.823964
0.937581
0.665452
0.863520
0.974287
0.878884
0.929662
0.779899
0.860664
0.778826
0.734789
0.965166
0.900462
0.845847
0.702906
0.905419
0.797887
0.703009
0.896657
0.978980
0.807507
0.991372
1.045139
0.914973
0.917266
0.763126
0.842290
0.903333
1.020412
0.911446
0.971527
0.822305
0.788554
0.768494
0.825772
0.788920
0.853959
0.824338
0.825347
0.872383
0.835183
0.808166
0.964235
1.029696
0.811943
0.665286
0.825690
0.966839
0.928698
0.853870
0.816115
0.928938
0.820997
0.883601
0.929086
0.864545
0.887417
0.854672
0.868067
0.817650
0.888023
0.961210
0.862816
0.616729
0.751137
0.874895
0.848972
0.847646
0.938006
0.805861
0.851935
0.754898
0.757825
0.812210
0.749253
0.949451
0.805995
0.822027
0.859760
0.782339
0.759236
0.835037
0.892189
0.765212
0.761702
0.876141
0.734472
0.787326
0.887668
0.863622
0.909286
0.868728
0.930136
1.030258
0.785018
0.903647
0.735168
0.826412
0.705112
0.936078
0.822652
0.694950
0.968487
0.837127
0.847822
0.838189
0.869515
0.981815
0.775904
0.848739
0.857657
0.791184
0.749147
0.718849
0.925956
0.747565
0.818686
0.838155
0.728797
1.085061
0.902176
0.925876
0.842270
0.755795
0.858585
0.709620
0.822817
1.001493
0.737013
0.830573
0.800869
0.911474
1.017472
0.816107
0.840339
0.855816
0.801150
0.876666
0.826919
0.889247
0.816535
0.848284
0.781250
0.797606
0.797736
0.845381
0.931239
0.907418
0.867798
0.927347
0.787185
0.788953
0.797167
1.018210
0.834706
0.969979
0.864554
0.885269
0.741578
0.926098
0.893282
0.796831
0.944273
0.771595
0.743574
0.853935
1.049933
0.816556
0.847643
0.872573
1.008666
0.755952
1.131501
0.729829
0.756550
0.762602
0.789855
0.775458
0.820983
0.735137
0.945067
1.028512
0.784014
0.955313
0.866329
0.794840
0.721071
0.736170
0.887581
0.997965
0.871260
0.769424
0.799715
0.825591
0.883355
0.745227
0.728316
0.699947
0.677715
0.859367
0.674934
0.777227
0.839422
0.826248
0.772339
0.723173
0.912262
0.638849
0.935569
0.672888
0.766463
0.768781
0.911804
0.724199
0.942624
0.675797
0.832157
0.724082
0.785534
0.962369
0.989518
0.778701
0.948285
0.813653
0.764704
0.782315
0.721058
0.628968
0.723719
0.865999
0.798395
0.773290
0.846031
0.821083
0.740167
0.773178
0.789116
0.779228
0.812910
0.788752
0.685895
0.826709
0.809083
0.642294
0.682336
0.781525
0.853216
0.818123
0.626991
0.789720
0.778901
0.793299
0.735163
0.841305
0.791748
0.753749
0.733680
0.949114
0.728575
0.851554
0.791601
1.013764
0.765322
0.672326
0.800105
0.822187
0.897973
0.790958
0.922164
0.718591
0.794590
0.858265
0.810905
0.743600
0.812902
1.177678
0.866242
0.845372
0.800066
0.818263
0.808351
0.768380
0.817237
0.736273
0.778802
0.784021
0.945915
0.875572
0.834990
0.787197
0.855637
0.777245
0.664998
0.631191
0.834931
0.877524
0.673939
0.736359
0.833404
0.721857
0.894385
0.835567
0.817937
1.066067
0.914882
0.806887
0.658682
0.790529
0.847267
0.844845
0.565626
0.643586
0.776560
0.866180
0.775228
0.679204
0.723156
0.755556
0.821185
0.797893
0.603772
0.855380
0.950543
0.696243
0.718324
0.969121
0.716699
0.783967
0.743842
0.732769
0.698075
0.804939
0.687383
0.696792
0.922405
0.790544
0.785886
0.814835
0.742873
0.953017
0.808402
1.002315
0.718022
0.740417
0.791494
0.724740
0.768456
0.907774
0.842898
0.769301
0.793988
0.637230
0.705018
0.712759
0.560732
0.743524
0.714622
0.724736
0.841099
0.682785
0.859747
0.966980
0.902921
0.776646
0.700585
0.624040
0.656168
0.890189
0.685395
0.815196
0.695917
0.685233
0.880257
1.013171
0.773586
0.845039
0.758389
0.845534
0.845444
0.820631
0.805833
0.804136
0.842751
0.825359
0.771254
0.778879
0.831521
0.663611
0.819618
0.865234
0.910178
0.840759
0.812074
0.789719
0.732021
0.916460
0.681109
0.743331
0.633194
0.837572
0.902488
0.738447
0.616967
0.821104
0.754022
0.757881
0.732258
0.857735
0.706643
0.723628
0.817233
0.942715
0.766385
0.819828
0.681022
0.873759
0.940365
0.540329
0.865388
0.665908
0.809158
0.682957
0.656863
0.820450
0.576034
0.892568
0.776925
0.533202
0.646944
0.748488
0.715982
0.800692
0.893929
0.871851
0.827360
0.792983
0.568527
0.928573
0.749956
0.956287
0.790159
0.999683
0.771139
0.855043
0.971434
0.834226
0.681530
0.770582
0.880510
0.766753
0.837619
0.775662
0.747712
0.798542
0.740349
0.810967
0.688268
0.794616
0.814397
0.861315
0.728068
0.851255
0.767957
0.692695
0.649860
0.812081
0.901364
0.789251
0.748018
0.880385
0.673315
0.763030
0.804155
0.732616
0.916717
0.629169
0.818152
0.774519
0.688709
0.753720
0.706566
0.733766
0.780428
0.730404
0.561441
0.835259
0.813923
0.734837
0.657529
0.746195
0.759169
0.838541
0.706350
0.809856
0.912591
0.590643
0.696060
0.684617
0.839780
0.847942
0.753720
0.770955
0.749291
0.817378
0.753556
0.839024
0.796555
0.796900
0.849971
0.733740
0.770746
0.653292
0.901680
0.632680
0.879389
0.665484
0.805654
0.722691
0.628093
0.713577
0.700776
0.995511
0.777577
0.804302
0.676393
0.732086
0.860978
0.628555
0.745458
0.829784
0.756277
0.776012
0.869711
0.603288
0.757972
0.598500
0.660572
0.798719
0.702192
0.924224
0.755762
0.785549
0.842094
0.780313
0.948929
0.650446
0.976382
0.620172
0.721531
0.673877
0.721085
0.826622
0.800310
0.823473
0.677047
0.689211
1.166597
0.665644
0.753059
0.819875
0.774752
0.942556
0.690141
0.755025
0.719066
0.740355
0.704567
0.898529
0.827519
0.774108
0.878465
0.900838
0.719819
0.854174
0.819515
0.818251
0.588171
0.747893
0.762873
0.633558
0.585921
0.808091
0.835325
0.834800
0.610082
0.770213
0.645309
0.749644
0.628754
0.602006
0.738952
0.674116
0.764753
0.712034
0.783200
0.654352
0.668953
0.739871
0.739491
0.919539
0.702699
0.753785
0.627960
0.977648
0.737964
0.587257
0.679631
0.641335
0.776915
0.596306
0.669774
0.769591
0.744306
0.716941
0.751113
0.732779
0.742903
0.669894
0.676648
0.675639
0.778853
0.723542
0.729080
0.781259
0.679562
0.728585
0.593548
0.765325
0.786465
0.843254
0.773337
0.711302
0.715126
0.780086
0.574524
0.706021
0.634701
0.722921
0.819413
0.693602
0.769553
0.563250
0.543076
0.726091
0.578333
0.611833
0.802444
0.747918
0.734994
0.681532
0.556932
0.804141
0.635539
0.620979
0.650956
0.811384
0.672836
0.614902
0.688599
0.758407
0.805846
0.622544
0.752552
0.700895
0.566349
0.923017
0.796548
0.698303
0.629796
0.735754
0.779722
0.715966
0.728219
0.667770
0.689721
0.813967
0.835517
0.717950
0.875775
0.706942
0.655381
0.696815
0.670286
0.709943
0.533224
0.759071
0.662475
0.825947
0.739937
0.830212
0.756305
0.769468
0.650050
0.798508
0.764391
0.690170
0.642204
0.802995
0.730792
0.708674
0.615649
0.754417
0.756825
0.778651
0.655825
0.697530
0.875376
0.849993
0.583441
0.685372
0.833500
0.683990
0.656416
0.821698
0.575799
0.701383
0.838482
0.799566
0.765594
0.641215
0.920672
0.854146
0.651958
0.767397
0.692378
0.821404
0.843715
0.685645
0.549224
0.810991
0.595690
0.634703
0.651150
0.800176
0.787575
0.698960
0.758443
0.743977
0.797144
0.597508
1.017226
0.747968
0.765823
0.782736
0.611115
0.717692
0.641228
0.864626
0.796067
0.588026
0.698405
0.888365
0.648100
0.526820
0.737909
0.646951
0.642686
0.667934
0.638122
0.788598
0.650051
0.602763
0.812637
0.862848
0.651333
0.653180
0.802088
0.796677
0.868698
0.725402
0.701450
0.803925
0.646162
0.638150
0.787579
0.612796
0.866984
0.599095
0.890995
0.608120
0.681135
0.698761
0.570139
0.697189
0.719375
0.481025
0.703405
0.706757
0.749494
0.734608
0.792640
0.821247
0.661300
0.760518
0.735188
0.612557
0.698501
0.714961
0.657285
0.893048
0.697796
0.664658
0.804786
0.627957
0.659838
0.756946
0.689007
0.534284
0.788785
0.625247
0.734492
0.485224
0.740931
0.808763
0.567756
0.715384
0.821469
0.604215
0.585265
0.657371
0.682748
0.575901
0.806375
0.699656
0.669990
0.584599
0.666374
0.804316
0.762051
0.679443
0.650182
0.667969
0.799628
0.741746
0.720308
0.577025
0.816433
0.735649
0.725230
0.795531
0.636280
0.594071
0.822844
0.698309
0.756108
0.853289
0.827204
0.670787
0.696744
0.653913
0.717759
0.771840
0.714433
0.827225
0.739861
0.683144
0.432012
0.594030
0.526807
0.767200
0.600856
0.709654
0.640058
0.782157
0.808522
0.763552
0.766065
0.698399
1.080528
0.765070
0.724299
0.789256
0.732304
0.816852
0.671919
0.801542
0.673480
0.779268
0.673873
0.863417
0.585589
0.647317
0.670822
0.711887
0.745478
0.789349
0.570922
0.584256
0.671307
0.692905
0.562096
0.629357
0.816686
0.837296
0.638538
0.691582
0.722819
0.782682
0.742758
0.858580
0.628682
0.812811
0.711019
0.646202
0.848176
0.834237
0.718209
0.599223
0.640069
0.753502
0.562751
0.671414
0.630082
0.568204
0.658449
0.756603
0.902832
0.612988
0.838009
0.664003
0.685572
0.619994
0.607931
0.591039
0.906572
0.739611
0.827512
0.710331
0.597604
0.686171
0.707859
0.717815
0.620161
0.833418
0.590697
0.673105
0.850479
0.849531
0.538828
0.585228
0.691627
0.773876
0.801198
0.689820
0.877662
0.755237
0.636112
0.758496
0.675547
0.627081
0.718584
0.675540
0.784608
0.871844
0.666109
0.879708
0.734910
0.785212
0.779379
0.795547
0.662505
0.727879
0.860313
0.786004
0.724401
0.688831
0.572399
0.757754
0.592738
0.604548
0.740936
0.837717
0.744243
0.667331
0.718415
0.690550
0.677127
0.595972
0.672078
0.630425
0.620173
0.634348
0.725288
0.597751
0.649659
0.588129
0.731531
0.724623
0.562426
0.638197
0.661169
0.598338
0.664845
0.542626
0.579213
0.738146
0.604355
0.604571
0.541871
0.821066
0.574425
0.616514
0.597505
0.593526
0.582414
0.669123
0.700759
0.810483
0.759635
0.643970
0.747797
0.662995
0.650321
0.624430
0.653844
0.735233
0.642701
0.704153
0.593382
0.868452
0.570271
0.739551
0.580346
0.714168
0.684441
0.689634
0.668901
0.548239
0.577718
0.545915
0.719093
0.637971
0.827478
0.783395
0.697058
0.573333
0.616413
0.799078
0.687840
0.745892
0.762295
0.764604
0.730579
0.696529
0.629856
0.758228
0.614258
0.635757
0.645745
0.736997
0.744612
0.714409
0.760300
0.715580
0.677212
0.798697
0.658540
0.613890
0.720036
0.780465
0.753584
0.776123
0.670396
0.636019
0.550429
0.718795
0.714633
0.617512
0.779843
0.715549
0.622184
0.587553
0.632765
0.787664
0.621684
0.727173
0.729914
0.578205
0.599015
0.657495
0.673438
0.771333
0.773654
0.685182
0.657511
0.703353
0.531453
0.653168
0.594172
0.724170
0.717946
0.561808
0.504691
0.819756
0.558042
0.666954
0.632327
0.743689
0.641297
0.683077
0.666657
0.640402
0.797267
0.573937
0.645682
0.759021
0.579410
0.777362
0.606664
0.708048
0.648805
0.801911
0.690069
0.621024
0.535402
0.673669
0.586753
0.565583
0.619282
0.786738
0.604826
0.650685
0.807038
0.674179
0.653028
0.833825
0.547224
0.765499
0.669796
0.684305
0.602791
0.568084
0.643033
0.595388
0.717877
0.677498
0.452533
0.617354
0.570621
0.746091
0.761862
0.693023
0.786237
0.812319
0.817423
0.681895
0.590009
0.535174
0.665592
0.737381
0.722825
0.824413
0.730047
0.797651
0.753806
0.685783
0.596962
0.507114
0.708051
0.579952
0.733308
0.650702
0.526375
0.593133
0.641009
0.591484
0.512357
0.620561
0.740880
0.628926
0.664843
0.848443
0.683636
0.653300
0.669765
0.581433
0.659662
0.646859
0.649700
0.566202
0.656625
0.639868
0.740083
0.589190
0.799028
0.621739
0.723249
0.479014
0.681525
0.657215
0.607481
0.640567
0.549169
0.665726
0.575056
0.675206
0.823585
0.786072
0.598786
0.661235
0.525185
0.773813
0.813609
0.641560
0.605074
0.814871
0.640875
0.722361
0.617378
0.585061
0.515173
0.715950
0.656568
0.682329
0.484555
0.600588
0.843338
0.625165
0.593597
0.629660
0.541776
0.571296
0.652359
0.623986
0.641748
0.733698
0.659514
0.812154
0.604489
0.727762
0.487645
0.507989
0.689452
0.676900
0.719641
0.659697
0.634207
0.567002
0.752749
0.785002
0.638521
0.801302
0.686852
0.662584
0.544518
0.801060
0.708861
0.658910
0.528527
0.686693
0.558412
0.586254
0.726227
0.555275
0.809273
0.783673
0.533427
0.680900
0.824274
0.590251
0.594472
0.630581
0.691446
0.699394
0.577902
0.560810
0.769410
0.605425
0.672235
0.692728
0.677904
0.776004
0.732392
0.668822
0.750990
0.783340
0.589178
0.626461
0.577044
0.594279
0.635786
0.683963
0.777560
0.618804
0.579645
0.730898
0.619574
0.724545
0.639311
0.703219
0.591188
0.571711
0.716698
0.583470
0.801801
0.684654
0.665590
0.718695
0.659231
0.766061
0.658737
0.637296
0.673972
0.595773
0.539864
0.596348
0.734928
0.626256
0.578414
0.780704
0.649224
0.676816
0.680472
0.677744
0.766701
0.674983
0.681037
0.674344
0.764518
0.745071
0.464485
0.699166
0.481849
0.637734
0.655947
0.891205
0.712354
0.669721
0.634960
0.600688
0.609566
0.541051
0.715831
0.642091
0.659652
0.600292
0.708259
0.606690
0.472906
0.534418
0.716404
0.637575
0.698600
0.710003
0.604022
0.756034
0.811229
0.563823
0.696139
0.701131
0.685832
0.689323
0.711084
0.611266
0.768686
0.625135
0.537464
0.668847
0.641321
0.773923
0.728104
0.546446
0.544812
0.861937
0.875885
0.643294
0.697030
0.649164
0.755756
0.537586
0.551119
0.602174
0.713443
0.640959
0.620411
0.743912
0.730211
0.752517
0.608816
0.637037
0.556131
0.716647
0.589629
0.648924
0.477104
0.753108
0.700085
0.579672
0.596282
0.775650
0.629293
0.468651
0.696476
0.577955
0.577198
0.572741
0.747106
0.781677
0.605000
0.704787
0.695474
0.573196
0.540362
0.613273
0.608870
0.672789
0.736837
0.639548
0.595043
0.695295
0.673754
0.597809
0.626290
0.482862
0.658341
0.632066
0.630385
0.578568
0.648092
0.687530
0.690959
0.747703
0.468498
0.608749
0.670684
0.610067
0.623746
0.817327
0.735943
0.559923
0.677598
0.694318
0.605412
0.715442
0.525929
0.695430
0.532567
0.655929
0.673896
0.540922
0.539790
0.603391
0.533765
0.576160
0.426819
0.539823
0.750252
0.564798
0.394803
0.642931
0.670736
0.771551
0.651814
0.577190
0.643261
0.613396
0.582828
0.643910
0.598034
0.512953
0.574273
0.606389
0.637650
0.516733
0.501534
0.533158
0.561320
0.660802
0.571089
0.664830
0.510023
0.578530
0.630687
0.557343
0.561991
0.601588
0.603783
0.543761
0.629262
0.498395
0.767589
0.680448
0.718873
0.533741
0.741717
0.817946
0.602281
0.615402
0.515359
0.560528
0.715917
0.683753
0.586991
0.672024
0.847024
0.564710
0.533565
0.507769
0.539985
0.545422
0.640077
0.883558
0.475175
0.510441
0.574108
0.625597
0.553901
0.713472
0.762582
0.653810
0.630909
0.706033
0.593693
0.690966
0.588853
0.487583
0.487434
0.678508
0.580453
0.747045
0.633253
0.580762
0.708861
0.556750
0.726595
0.561838
0.774996
0.612537
0.564751
0.802648
0.548430
0.650138
0.814240
0.594416
0.565482
0.677667
0.530190
0.583161
0.536557
0.556869
0.465387
0.630994
0.621943
0.750405
0.606035
0.489300
0.745542
0.689604
0.662199
0.581458
0.767175
0.694309
0.656158
0.557276
0.581318
0.535442
0.543708
0.648842
0.510419
0.693992
0.580296
0.575516
0.765351
0.557802
0.580400
0.502941
0.531780
0.575087
0.658526
0.667263
0.584981
0.846785
0.603663
0.629572
0.615155
0.655566
0.572090
0.721863
0.831551
0.824433
0.597488
0.546720
0.728037
0.718223
0.681571
0.731383
0.736418
0.629666
0.670274
0.565169
0.664972
0.670244
0.725479
0.575264
0.559168
0.646308
0.624362
0.677033
0.553273
0.567590
0.546784
0.588681
0.638733
0.543492
0.682066
0.583866
0.657679
0.642183
0.690412
0.586619
0.503853
0.535856
0.465222
0.566577
0.720518
0.698255
0.635441
0.743240
0.548069
0.461334
0.538641
0.670353
0.561992
0.546497
0.546448
0.578607
0.440048
0.700290
0.619335
0.505552
0.655625
0.619602
0.610195
0.664846
0.570069
0.525783
0.627022
0.513335
0.638549
0.677243
0.596045
0.525330
0.528269
0.625808
0.628942
0.558466
0.649717
0.574968
0.526012
0.544302
0.676169
0.447532
0.612342
0.519898
0.624866
0.464262
0.633630
0.608597
0.520949
0.643679
0.606662
0.489489
0.614967
0.576721
0.841585
0.638122
0.749015
0.596376
0.700695
0.580428
0.608407
0.623608
0.593212
0.688554
0.852353
0.718940
0.705921
0.740932
0.618547
0.646800
0.610678
0.527698
0.616165
0.643615
0.623723
0.479474
0.865401
0.528834
0.602017
0.596830
0.551571
0.704841
0.630272
0.666020
0.657305
0.680472
0.619989
0.693714
0.736178
0.698543
0.655327
0.555224
0.615605
0.507419
0.565932
0.675606
0.710051
0.551613
0.571859
0.711509
0.582686
0.514028
0.616121
0.494693
0.643199
0.457668
0.485109
0.550419
0.563770
0.382407
0.645452
0.747130
0.637543
0.512654
0.696048
0.570475
0.687338
0.746160
0.583885
0.621231
0.581078
0.582928
0.494202
0.639184
0.674110
0.542636
0.557217
0.553388
0.491281
0.729835
0.725613
0.616018
0.655087
0.639777
0.434069
0.623392
0.661587
0.615425
0.583271
0.596273
0.550114
0.535989
0.535190
0.659035
0.540848
0.470201
0.560684
0.528985
0.559344
0.531467
0.603626
0.734083
0.647046
0.529017
0.523206
0.496394
0.587160
0.613276
0.742452
0.393339
0.638924
0.539781
0.616800
0.670627
0.475829
0.533966
0.569259
0.638695
0.664920
0.541868
0.589688
0.508029
0.758647
0.571650
0.408444
0.429640
0.705868
0.468341
0.688450
0.716269
0.560798
0.439653
0.605066
0.505405
0.498619
0.476508
0.698303
0.716329
0.541925
0.530743
0.494168
0.504799
0.431144
0.557385
0.544833
0.437010
0.370627
0.594887
0.573132
0.443335
0.492429
0.638656
0.549913
0.536364
0.574542
0.720787
0.565501
0.574295
0.616668
0.658117
0.593451
0.509321
0.679619
0.652679
0.458114
0.504157
0.568863
0.550091
0.574519
0.697023
0.616943
0.578887
0.521098
0.617437
0.534934
0.714784
0.564053
0.580102
0.531913
0.606785
0.515306
0.595384
0.604410
0.618738
0.534401
0.592487
0.444027
0.545707
0.672366
0.627041
0.507171
0.553709
0.680648
0.686687
0.457446
0.522209
0.611492
0.571289
0.570093
0.463643
0.606144
0.566879
0.686206
0.654447
0.619945
0.604492
0.542542
0.794196
0.414240
0.642510
0.589133
0.524830
0.592514
0.694023
0.502046
0.505528
0.642250
0.674137
0.739836
0.573485
0.870174
0.549843
0.490797
0.598320
0.588024
0.656233
0.591659
0.544027
0.461038
0.611875
0.678172
0.546193
0.472479
0.538761
0.565578
0.461624
0.501726
0.668503
0.504392
0.657487
0.557482
0.545830
0.536207
0.594744
0.684321
0.648572
0.657798
0.809082
0.563213
0.549296
0.508730
0.573462
0.562606
0.634606
0.584317
0.539648
0.525033
0.589584
0.571038
0.562810
0.560771
0.662560
0.541771
0.608912
0.637790
0.640782
0.562898
0.492981
0.721169
0.488963
0.505841
0.612954
0.540323
0.345451
0.451345
0.463850
0.628525
0.453686
0.547885
0.423367
0.520715
0.549361
0.473387
0.603303
0.691710
0.595839
0.617976
0.511222
0.622287
0.541771
0.589620
0.579808
0.618246
0.641914
0.526917
0.603970
0.665834
0.765978
0.524506
0.458389
0.809689
0.504281
0.477131
0.622397
0.669232
0.623887
0.650332
0.512885
0.577233
0.600093
0.491816
0.628457
0.735063
0.762437
0.758938
0.629222
0.589040
0.600852
0.682788
0.545604
0.490630
0.614701
0.531411
0.756365
0.689756
0.562289
0.683276
0.627393
0.713505
0.592169
0.577603
0.774428
0.626528
0.636906
0.574549
0.595903
0.477500
0.515668
0.574950
0.569511
0.567658
0.573204
0.540292
0.522251
0.646782
0.458508
0.825199
0.696879
0.632185
0.585430
0.614382
0.674430
0.551336
0.576267
0.691637
0.809576
0.646396
0.554162
0.445795
0.765385
0.639237
0.787807
0.552332
0.692148
0.665595
0.736263
0.385595
0.542028
0.493564
0.748216
0.660656
0.606530
0.625226
0.724126
0.691891
0.509682
0.672566
0.696250
0.566745
0.758027
0.526720
0.548473
0.585146
0.599475
0.601648
0.602226
0.591600
0.610605
0.604272
0.496897
0.647650
0.453759
0.512483
0.555366
0.604079
0.557266
0.781347
0.667550
0.539134
0.697707
0.641055
0.657235
0.519648
0.485119
0.514136
0.633653
0.613806
0.703579
0.685560
0.472579
0.736996
0.552213
0.557265
0.604588
0.624689
0.405094
0.519999
0.593326
0.488223
0.502357
0.490495
0.498985
0.753177
0.565618
0.661564
0.583036
0.497303
0.599047
0.629868
0.629862
0.664416
0.704288
0.623885
0.661094
0.546112
0.537718
0.461471
0.648665
0.501529
0.559701
0.667019
0.535447
0.527637
0.601242
0.584961
0.437656
0.535363
0.509282
0.505455
0.489796
0.552225
0.647372
0.365518
0.469313
0.583699
0.476578
0.680171
0.456922
0.422317
0.510220
0.711101
0.611120
0.563379
0.581356
0.687364
0.497860
0.574865
0.367165
0.579756
0.556348
0.582654
0.635361
0.638031
0.589772
0.635799
0.737679
0.521661
0.602575
0.605519
0.683704
0.517112
0.586495
0.592309
0.579807
0.556383
0.675675
0.415413
0.576258
0.521463
0.640174
0.574326
0.529743
0.646598
0.586849
0.401656
0.529921
0.566808
0.502276
0.569234
0.661291
0.437983
0.599583
0.467482
0.431686
0.504421
0.561251
0.587204
0.594041
0.596982
0.636269
0.447841
0.613726
0.551860
0.512856
0.604598
0.543344
0.539731
0.488690
0.592555
0.546157
0.464365
0.629396
0.661658
0.621617
0.621688
0.475696
0.456666
0.568654
0.475318
0.576607
0.445156
0.491781
0.514328
0.511559
0.429885
0.550190
0.632610
0.512578
0.402739
0.704669
0.483341
0.475759
0.507300
0.390763
0.687708
0.455318
0.602341
0.625541
0.642001
0.682047
0.550182
0.477916
0.726528
0.545574
0.501557
0.494562
0.910957
0.525366
0.526325
0.466446
0.424783
0.554802
0.593148
0.554239
0.668961
0.506111
0.565327
0.601974
0.642766
0.444911
0.795366
0.442854
0.610716
0.682218
0.488319
0.590419
0.578994
0.509540
0.461010
0.678260
0.639879
0.483008
0.577538
0.537152
0.512909
0.463086
0.484025
0.512590
0.405402
0.478296
0.592960
0.642152
0.526708
0.715512
0.629114
0.676373
0.602811
0.448396
0.490538
0.558735
0.600535
0.459387
0.628490
0.571146
0.543504
0.500335
0.673085
0.642349
0.626638
0.481842
0.474534
0.650316
0.519076
0.566963
0.620190
0.479039
0.476158
0.466598
0.600638
0.613768
0.464498
0.497673
0.549253
0.590464
0.509667
0.419364
0.548512
0.469523
0.418472
0.448547
0.580140
0.523372
0.575901
0.454558
0.527741
0.516062
0.654265
0.377306
0.605068
0.459688
0.546539
0.712254
0.541702
0.580770
0.639766
0.616065
0.506544
0.458211
0.546735
0.583281
0.494840
0.596256
0.608348
0.474298
0.556057
0.544155
0.567727
0.545808
0.561904
0.681749
0.660027
0.501724
0.583897
0.541648
0.572400
0.558403
0.454677
0.583922
0.555790
0.586182
0.399365
0.553036
0.497054
0.531161
0.491876
0.467439
0.447476
0.499608
0.577765
0.574958
0.514301
0.436092
0.550427
0.511061
0.536606
0.614378
0.492373
0.602664
0.541023
0.558686
0.502224
0.556012
0.446666
0.654724
0.445637
0.610342
0.522018
0.563310
0.584879
0.546130
0.605653
0.524602
0.549866
0.470963
0.554303
0.573236
0.376802
0.750030
0.607399
0.616159
0.495543
0.607850
0.563399
0.584856
0.535472
0.714531
0.480006
0.584558
0.572898
0.487596
0.607589
0.673721
0.627586
0.565156
0.464902
0.674326
0.515094
0.557237
0.470034
0.390916
0.567648
0.471360
0.570044
0.479496
0.523175
0.542535
0.523813
0.507590
0.593698
0.338281
0.727415
0.560288
0.521823
0.522478
0.706999
0.595853
0.640704
0.739713
0.607515
0.515302
0.521316
0.710490
0.393532
0.589385
0.552375
0.735920
0.559622
0.607474
0.590734
0.769704
0.445778
0.492720
0.634007
0.536433
0.706871
0.516905
0.583462
0.543669
0.470509
0.702988
0.503143
0.463822
0.571480
0.509365
0.710286
0.565070
0.623052
0.553083
0.567990
0.596815
0.627416
0.450006
0.506042
0.429194
0.511045
0.641278
0.519714
0.659323
0.656589
0.589639
0.443277
0.642227
0.693722
0.564903
0.543325
0.557108
0.631267
0.659280
0.636369
0.501736
0.463220
0.565346
0.372342
0.554799
0.604379
0.556059
0.506471
0.446654
0.668771
0.491517
0.438776
0.491094
0.449338
0.582384
0.568619
0.653352
0.583999
0.658563
0.515966
0.350405
0.616220
0.500010
0.614494
0.445007
0.720638
0.611036
0.451232
0.578887
0.550482
0.394327
0.634392
0.660172
0.583945
0.527178
0.670231
0.583945
0.583270
0.439868
0.575447
0.702645
0.505581
0.580477
0.549970
0.425511
0.550923
0.623153
0.613998
0.512200
0.552189
0.457360
0.565508
0.620576
0.580946
0.504659
0.504736
0.480649
0.506498
0.572643
0.477054
0.536719
0.473363
0.549271
0.539223
0.556535
0.447263
0.606610
0.769916
0.576715
0.543688
0.501471
0.704649
0.501620
0.547830
0.524072
0.638806
0.519673
0.598033
0.531302
0.538003
0.431706
0.563543
0.484562
0.489510
0.470613
0.476748
0.542334
0.670525
0.550752
0.529948
0.400483
0.642860
0.418500
0.588623
0.647524
0.446083
0.380732
0.674413
0.520023
0.437782
0.559248
0.571668
0.444665
0.527586
0.464584
0.609704
0.543641
0.445392
0.347346
0.381555
0.541785
0.482248
0.471610
0.545681
0.382812
0.446094
0.496674
0.469778
0.462088
0.545722
0.513817
0.554456
0.410890
0.355696
0.646244
0.521857
0.542631
0.509907
0.560820
0.618510
0.556844
0.617489
0.748973
0.597674
0.465932
0.497728
0.511804
0.502963
0.424495
0.411933
0.530980
0.482479
0.497584
0.522691
0.517507
0.495096
0.349022
0.417931
0.560579
0.564853
0.597778
0.597920
0.428722
0.462831
0.381818
0.518057
0.477371
0.439144
0.434644
0.462912
0.466029
0.403453
0.408397
0.558436
0.579500
0.525074
0.523375
0.502456
0.539068
0.447448
0.695112
0.435957
0.495989
0.500083
0.485282
0.626792
0.675227
0.524014
0.559438
0.467072
0.599563
0.309017
0.460976
0.517989
0.636815
0.508038
0.527290
0.369021
0.568975
0.381294
0.410116
0.498431
0.544623
0.502593
0.599236
0.530391
0.501638
0.641688
0.418599
0.586491
0.487822
0.521100
0.342773
0.621935
0.509188
0.481477
0.491614
0.378945
0.515804
0.475505
0.507764
0.501522
0.490756
0.520109
0.505045
0.576621
0.576423
0.414917
0.520275
0.473772
0.415018
0.547402
0.547921
0.505201
0.405073
0.733781
0.681940
0.565865
0.423025
0.480694
0.547169
0.540034
0.345360
0.461096
0.532280
0.518843
0.521387
0.594191
0.589404
0.313715
0.606545
0.690543
0.512976
0.455388
0.464617
0.504285
0.621071
0.524111
0.566663
0.504207
0.503532
0.459469
0.378971
0.490553
0.384858
0.397423
0.668018
0.632377
0.550168
0.373005
0.470150
0.404546
0.374808
0.441447
0.495407
0.499662
0.713469
0.417218
0.630413
0.487245
0.412731
0.513035
0.478908
0.595511
0.527782
0.689649
0.473487
0.561427
0.577840
0.467323
0.540383
0.507901
0.420146
0.476455
0.595379
0.616901
0.492487
0.562847
0.484756
0.590695
0.496077
0.578589
0.459007
0.460905
0.432956
0.573131
0.502889
0.591252
0.612691
0.563958
0.506099
0.520969
0.517133
0.492364
0.558009
0.504111
0.498763
0.545731
0.518921
0.459354
0.508509
0.360507
0.433223
0.498181
0.551893
0.619597
0.554943
0.576354
0.503694
0.645913
0.491188
0.470389
0.552835
0.453994
0.532371
0.530557
0.391906
0.418611
0.466673
0.541838
0.488975
0.579450
0.462513
0.550672
0.427776
0.517563
0.433144
0.583783
0.546799
0.469258
0.564922
0.631148
0.677369
0.669075
0.428960
0.541974
0.483587
0.442844
0.594597
0.442491
0.683796
0.500042
0.539740
0.430531
0.593187
0.459904
0.529430
0.533203
0.350012
0.362345
0.465252
0.432328
0.599330
0.540145
0.521634
0.497755
0.434385
0.701171
0.513474
0.500949
0.458607
0.446777
0.540141
0.387339
0.580403
0.470055
0.545404
0.672490
0.463037
0.681933
0.462472
0.469238
0.542382
0.619688
0.666599
0.453167
0.636542
0.428251
0.587348
0.439461
0.540792
0.564944
0.507129
0.577612
0.596081
0.549861
0.559596
0.665005
0.500914
0.451464
0.502059
0.588880
0.548933
0.448656
0.652584
0.622198
0.626643
0.577374
0.386839
0.564324
0.722096
0.441772
0.437266
0.596321
0.533826
0.577570
0.655401
0.756724
0.375623
0.488178
0.514947
0.504375
0.605583
0.562384
0.500755
0.551266
0.464928
0.540079
0.492920
0.497187
0.508578
0.426103
0.528330
0.606176
0.460241
0.475599
0.532466
0.575947
0.493189
0.475738
0.456639
0.522406
0.528775
0.510071
0.401424
0.576869
0.626719
0.625007
0.524380
0.604556
0.431401
0.651659
0.557565
0.555162
0.493167
0.573581
0.594125
0.502162
0.590796
0.607967
0.540850
0.459316
0.489814
0.626569
0.347408
0.506265
0.461881
0.410819
0.484305
0.474757
0.433946
0.507108
0.574882
0.586861
0.451026
0.652328
0.628876
0.432374
0.398498
0.354222
0.468924
0.490215
0.605494
0.466408
0.465361
0.471019
0.417884
0.365481
0.526780
0.455664
0.471920
0.483267
0.555155
0.432438
0.662531
0.559532
0.452262
0.424312
0.436204
0.528772
0.521316
0.467879
0.574208
0.317035
0.569537
0.445980
0.460061
0.436775
0.307665
0.564779
0.423122
0.529438
0.742940
0.576016
0.337976
0.426211
0.491888
0.470727
0.499507
0.405406
0.510427
0.467049
0.417154
0.509895
0.579782
0.480355
0.505118
0.619221
0.547406
0.478374
0.458554
0.632108
0.444723
0.579088
0.512723
0.381115
0.658280
0.493259
0.389094
0.511829
0.454317
0.501799
0.547009
0.530178
0.631119
0.723097
0.601093
0.360211
0.522688
0.459337
0.576054
0.529305
0.522416
0.613847
0.376216
0.538253
0.433417
0.426409
0.465681
0.455431
0.442768
0.539491
0.479121
0.515952
0.540217
0.442991
0.508718
0.504851
0.343330
0.554006
0.312574
0.559023
0.543691
0.610869
0.417380
0.414068
0.673143
0.439054
0.546590
0.497938
0.441118
0.467848
0.522096
0.483523
0.525865
0.619575
0.459879
0.397570
0.428158
0.503567
0.486435
0.477131
0.403278
0.444266
0.502902
0.560558
0.400203
0.473281
0.506694
0.417084
0.571475
0.479809
0.609932
0.568193
0.489143
0.454169
0.509203
0.665208
0.455605
0.521302
0.508052
0.428152
0.526797
0.630875
0.597715
0.517415
0.443410
0.453999
0.342472
0.532699
0.500144
0.480146
0.552670
0.498194
0.425593
0.581144
0.542361
0.587609
0.653585
0.389471
0.592085
0.399925
0.515330
0.431918
0.487373
0.603136
0.395315
0.407545
0.616396
0.570789
0.509153
0.587916
0.608540
0.424547
0.546519
0.571115
0.533808
0.335492
0.482208
0.468633
0.477809
0.593056
0.419995
0.448394
0.354308
0.495516
0.518615
0.528583
0.489186
0.408228
0.418501
0.558285
0.414714
0.402864
0.479866
0.475837
0.611781
0.509880
0.511671
0.298989
0.447151
0.438289
0.528847
0.549805
0.541350
0.505102
0.635242
0.397643
0.467150
0.452350
0.570413
0.513180
0.476338
0.440684
0.440925
0.501854
0.561076
0.429950
0.532062
0.475808
0.396490
0.480065
0.564565
0.488866
0.638261
0.472288
0.537762
0.422401
0.407291
0.379371
0.424566
0.425098
0.371605
0.623656
0.459514
0.569906
0.417613
0.426838
0.365661
0.566051
0.537379
0.452843
0.423382
0.416579
0.418580
0.631184
0.360663
0.391440
0.509680
0.464027
0.500210
0.749717
0.434730
0.645042
0.498066
0.587689
0.501161
0.473216
0.501813
0.493636
0.520939
0.386461
0.392482
0.387406
0.401056
0.486677
0.445082
0.488135
0.447685
0.576411
0.393965
0.645596
0.603334
0.414069
0.568275
0.468109
0.451554
0.348249
0.581580
0.513217
0.455613
0.417176
0.459328
0.538650
0.482906
0.526756
0.438744
0.513692
0.456420
0.598209
0.620085
0.408725
0.712587
0.433150
0.553269
0.576208
0.450302
0.422561
0.479815
0.575339
0.509246
0.495052
0.335296
0.423775
0.393439
0.590506
0.497015
0.626072
0.471925
0.522750
0.539278
0.570507
0.453472
0.386305
0.449316
0.536649
0.424578
0.463032
0.586488
0.394726
0.628923
0.505724
0.477395
0.351278
0.342209
0.475150
0.701941
0.481009
0.443566
0.489607
0.520198
0.452126
0.495895
0.591746
0.403299
0.573425
0.489510
0.386517
0.370348
0.529170
0.400367
0.552996
0.490044
0.484146
0.577094
0.653895
0.398606
0.472527
0.503676
0.596145
0.638605
0.459762
0.514057
0.497018
0.396692
0.518262
0.462094
0.493266
0.482754
0.470617
0.520877
0.394676
0.512302
0.512050
0.524199
0.513917
0.651970
0.480817
0.482053
0.449057
0.601103
0.461364
0.548608
0.442538
0.507072
0.489292
0.473424
0.540601
0.400422
0.555034
0.366183
0.486913
0.488486
0.552905
0.446703
0.511932
0.481067
0.503396
0.580697
0.500299
0.420577
0.380297
0.430273
0.463918
0.458638
0.560846
0.422788
0.364642
0.746867
0.413683
0.347625
0.533450
0.493027
0.468366
0.384885
0.451646
0.583898
0.502776
0.490979
0.371080
0.553700
0.446012
0.484643
0.438759
0.652340
0.376227
0.369183
0.525778
0.503823
0.568352
0.413180
0.351523
0.496335
0.447865
0.423230
0.557278
0.396304
0.473737
0.388414
0.488175
0.567581
0.405165
0.441132
0.476075
0.325623
0.445393
0.440970
0.453470
0.651393
0.428077
0.484977
0.533720
0.464572
0.396802
0.637767
0.425225
0.580032
0.544349
0.389725
0.466686
0.520316
0.522548
0.480267
0.341739
0.486245
0.588399
0.316952
0.460048
0.432570
0.660018
0.591599
0.752509
0.390535
0.512305
0.575734
0.533232
0.376149
0.512320
0.477058
0.405119
0.450414
0.491664
0.517060
0.539305
0.474517
0.486456
0.424994
0.451645
0.392667
0.417665
0.403993
0.498020
0.381295
0.439488
0.535137
0.452397
0.427748
0.436591
0.481480
0.562734
0.469721
0.422477
0.432219
0.524861
0.394960
0.497884
0.395093
0.611676
0.448759
0.456569
0.508291
0.533984
0.497936
0.386935
0.480494
0.477851
0.378147
0.395916
0.655600
0.436213
0.617241
0.491890
0.455866
0.362572
0.417144
0.495418
0.421363
0.468257
0.451197
0.420352
0.456141
0.454190
0.580595
0.405971
0.468832
0.528021
0.380050
0.604876
0.510884
0.568298
0.564123
0.357157
0.592929
0.369816
0.484890
0.443149
0.442955
0.403443
0.503828
0.417720
0.379843
0.456826
0.682872
0.502851
0.425080
0.514408
0.349336
0.585986
0.428134
0.260315
0.577185
0.494052
0.558471
0.475889
0.273387
0.392385
0.384344
0.445110
0.390684
0.339098
0.564018
0.469890
0.523786
0.562883
0.475165
0.623604
0.493353
0.512562
0.570722
0.583353
0.538770
0.504696
0.416347
0.568461
0.465519
0.510572
0.481597
0.539632
0.333417
0.580237
0.466650
0.463512
0.557452
0.509112
0.425698
0.542482
0.396713
0.442778
0.314110
0.478508
0.596156
0.546984
0.596562
0.440103
0.484036
0.383282
0.471254
0.286771
0.529220
0.494211
0.411353
0.437336
0.456120
0.433924
0.494397
0.647124
0.664336
0.607623
0.356441
0.451635
0.445021
0.459614
0.463793
0.559658
0.403587
0.388333
0.303627
0.516205
0.479177
0.558396
0.605596
0.446361
0.498433
0.468295
0.397834
0.474197
0.452032
0.461285
0.433245
0.642357
0.467734
0.394980
0.409692
0.444206
0.463317
0.411776
0.476446
0.530404
0.428840
0.482985
0.553227
0.530912
0.310292
0.323609
0.416108
0.506586
0.441377
0.384559
0.394322
0.511395
0.465247
0.461168
0.563070
0.452553
0.483960
0.438222
0.501010
0.345793
0.360496
0.517847
0.569332
0.415148
0.424732
0.563182
0.369692
0.431276
0.480892
0.376844
0.386777
0.531294
0.549941
0.561344
0.449877
0.444628
0.603504
0.386305
0.438043
0.376243
0.474341
0.516011
0.544675
0.535443
0.280136
0.446606
0.454523
0.573131
0.433227
0.423118
0.446391
0.638628
0.500930
0.467581
0.411749
0.427039
0.537561
0.298954
0.494088
0.449971
0.451969
0.484848
0.498320
0.499060
0.448340
0.569567
0.521013
0.411267
0.481806
0.468199
0.546918
0.508617
0.419914
0.481916
0.438264
0.436054
0.488745
0.463972
0.461887
0.454410
0.472265
0.471609
0.422218
0.503064
0.475706
0.495776
0.627021
0.489942
0.423142
0.390439
0.423746
0.473165
0.436268
0.452727
0.644379
0.514227
0.368119
0.520535
0.616927
0.445414
0.485648
0.500209
0.410553
0.407849
0.448793
0.432438
0.466839
0.381809
0.505181
0.408298
0.360909
0.388690
0.416792
0.482478
0.454914
0.482644
0.479653
0.494238
0.502534
0.427943
0.422348
0.591289
0.455392
0.426016
0.511899
0.443607
0.557053
0.367206
0.551343
0.371580
0.398347
0.508765
0.339145
0.474478
0.554684
0.486143
0.542801
0.439842
0.700079
0.501258
0.452551
0.358058
0.618651
0.544363
0.472006
0.418883
0.442150
0.459218
0.368303
0.426663
0.539511
0.413143
0.365966
0.507385
0.395654
0.361018
0.368662
0.379541
0.389195
0.361477
0.423009
0.290519
0.391802
0.556358
0.333555
0.331305
0.401175
0.437745
0.434727
0.402238
0.410463
0.342725
0.434933
0.422830
0.389224
0.507375
0.544381
0.406419
0.473952
0.438564
0.417593
0.523419
0.501337
0.441120
0.491100
0.362722
0.419128
0.583702
0.534018
0.446888
0.449895
0.442389
0.642382
0.419060
0.374622
0.473208
0.443946
0.554442
0.295158
0.388844
0.531998
0.463722
0.479847
0.478452
0.412903
0.412831
0.429567
0.327689
0.492807
0.521791
0.555154
0.471006
0.380289
0.516825
0.443681
0.507071
0.410976
0.557397
0.441481
0.537401
0.397598
0.482087
0.516356
0.416835
0.508000
0.393679
0.457181
0.399148
0.327790
0.431472
0.587996
0.443778
0.392553
0.362070
0.464406
0.391929
0.430554
0.470657
0.459260
0.506093
0.338054
0.536841
0.348481
0.415613
0.391012
0.592785
0.425274
0.423125
0.367140
0.528758
0.437606
0.442397
0.404142
0.453095
0.318535
0.481806
0.420224
0.337161
0.398347
0.507506
0.463320
0.395163
0.333744
0.399977
0.503724
0.471837
0.396667
0.443058
0.551193
0.318533
0.396576
0.361393
0.385701
0.436042
0.383148
0.325122
0.497596
0.414299
0.445205
0.479189
0.281910
0.621816
0.387211
0.348720
0.372506
0.562000
0.555916
0.436063
0.501310
0.500987
0.609322
0.404643
0.409328
0.424125
0.410011
0.466780
0.453935
0.482630
0.436320
0.537696
0.408988
0.448815
0.387034
0.453023
0.419066
0.480926
0.495841
0.465350
0.442333
0.402018
0.415573
0.472529
0.285309
0.377545
0.299408
0.568602
0.488249
0.475780
0.472651
0.351571
0.712963
0.477916
0.538161
0.441295
0.430785
0.444026
0.492183
0.371343
0.413688
0.491736
0.530156
0.582437
0.305440
0.397833
0.613968
0.446615
0.489299
0.449301
0.393895
0.467008
0.448940
0.304606
0.309560
0.420242
0.345428
0.442253
0.429616
0.442239
0.445144
0.337254
0.422096
0.377921
0.388684
0.490633
0.431994
0.405591
0.304812
0.409499
0.503521
0.370135
0.441073
0.413144
0.404913
0.472936
0.422937
0.479053
0.460318
0.449927
0.401808
0.406611
0.345840
0.574255
0.473197
0.397829
0.380529
0.413030
0.531262
0.353504
0.581581
0.403635
0.505772
0.438052
0.536053
0.465741
0.552139
0.603806
0.378335
0.382925
0.489584
0.451962
0.434359
0.403395
0.529584
0.436910
0.497930
0.504679
0.387653
0.449499
0.440208
0.431230
0.496750
0.463768
0.694914
0.311578
0.424961
0.473593
0.395600
0.325754
0.398585
0.372531
0.554874
0.381023
0.440974
0.480085
0.345084
0.566491
0.504658
0.325738
0.445234
0.436102
0.401314
0.340432
0.427980
0.480034
0.363155
0.342286
0.307623
0.527992
0.569057
0.587433
0.537283
0.495818
0.476553
0.569614
0.594989
0.404579
0.359293
0.573024
0.424154
0.415081
0.538081
0.454714
0.371162
0.486278
0.376647
0.490807
0.413319
0.400936
0.423845
0.468404
0.417216
0.485425
0.388282
0.430928
0.589779
0.557542
0.443095
0.514852
0.522822
0.430568
0.413002
0.502972
0.430570
0.530473
0.516686
0.514951
0.511160
0.319073
0.426019
0.478649
0.564048
0.474127
0.633505
0.453948
0.362671
0.518319
0.532766
0.484721
0.407835
0.430935
0.539080
0.480226
0.349676
0.476455
0.536185
0.423474
0.328912
0.605914
0.503884
0.379720
0.484933
0.431844
0.332747
0.408186
0.409931
0.327126
0.293455
0.336733
0.542068
0.526425
0.510452
0.482458
0.453702
0.578994
0.502534
0.396234
0.453945
0.346889
0.559820
0.488829
0.527503
0.461672
0.478983
0.398266
0.487972
0.364840
0.409794
0.470942
0.550950
0.347891
0.468576
0.344126
0.522517
0.493894
0.386171
0.598443
0.393563
0.450743
0.455888
0.584683
0.591084
0.476859
0.409889
0.367354
0.476217
0.461554
0.448236
0.494109
0.651442
0.348334
0.470279
0.414885
0.402155
0.471414
0.416236
0.468257
0.568016
0.538335
0.401507
0.421536
0.422498
0.405598
0.387892
0.381410
0.253843
0.405538
0.482216
0.354248
0.422652
0.473776
0.447354
0.341598
0.395559
0.384670
0.419603
0.375343
0.336048
0.370805
0.371416
0.401980
0.441762
0.301262
0.505565
0.465023
0.499296
0.428692
0.369868
0.399518
0.553094
0.392342
0.460300
0.352192
0.402139
0.333236
0.381166
0.426052
0.323212
0.414940
0.343425
0.406270
0.436330
0.390609
0.404578
0.433148
0.449953
0.400492
0.584916
0.339892
0.442694
0.431795
0.357925
0.434730
0.556790
0.391855
0.511961
0.295857
0.400441
0.338931
0.291040
0.367346
0.446088
0.342328
0.365579
0.424301
0.364067
0.350734
0.436450
0.484887
0.314213
0.425097
0.362074
0.355597
0.401217
0.408084
0.219364
0.475067
0.443810
0.439855
0.482390
0.329242
0.425606
0.380314
0.560875
0.433210
0.495652
0.371239
0.466269
0.381727
0.498344
0.441848
0.454940
0.500140
0.472240
0.423419
0.348175
0.311796
0.396251
0.346911
0.391606
0.474987
0.591019
0.336266
0.410774
0.554904
0.424563
0.289786
0.378641
0.462450
0.392648
0.492853
0.330931
0.505609
0.474346
0.347980
0.387524
0.368787
0.429729
0.294084
0.362905
0.307445
0.552769
0.481175
0.498697
0.408400
0.351501
0.346469
0.463584
0.560986
0.408689
0.466788
0.437549
0.366708
0.327862
0.313980
0.424673
0.440238
0.310146
0.518357
0.384659
0.485637
0.377430
0.341960
0.517925
0.462741
0.311503
0.558580
0.345972
0.429574
0.495158
0.344112
0.451313
0.479025
0.520374
0.418548
0.424617
0.429524
0.578502
0.419265
0.445001
0.435866
0.470009
0.454356
0.415734
0.428177
0.509249
0.525805
0.466961
0.426765
0.567732
0.341177
0.400200
0.375034
0.489022
0.453985
0.469794
0.503145
0.478698
0.397917
0.434686
0.364786
0.468114
0.310698
0.344000
0.317271
0.515721
0.561484
0.364086
0.267597
0.315396
0.552577
0.435911
0.528862
0.502210
0.419389
0.446357
0.540655
0.335730
0.424171
0.591004
0.322177
0.415917
0.537836
0.481521
0.514104
0.437682
0.312183
0.528342
0.424769
0.319425
0.434186
0.380080
0.342304
0.511651
0.531535
0.379153
0.362824
0.439698
0.436842
0.364439
0.479365
0.384765
0.380713
0.398546
0.356252
0.471196
0.396478
0.372630
0.429637
0.415463
0.405706
0.437732
0.258051
0.552260
0.482307
0.413581
0.556022
0.456517
0.520948
0.478395
0.312606
0.340103
0.512938
0.446797
0.313629
0.395148
0.284565
0.320766
0.316063
0.364952
0.404161
0.464165
0.347574
0.398345
0.363883
0.481455
0.338511
0.310765
0.502264
0.414647
0.472534
0.437387
0.292767
0.466349
0.637292
0.419007
0.337739
0.435367
0.416385
0.431463
0.434348
0.449339
0.433295
0.488915
0.518749
0.376115
0.352751
0.397074
0.505121
0.474809
0.281091
0.352269
0.323588
0.390318
0.413554
0.465939
0.596290
0.462758
0.294326
0.549011
0.407994
0.337932
0.577653
0.468125
0.431272
0.502774
0.542890
0.455104
0.322347
0.417077
0.331840
0.551018
0.443359
0.403258
0.465437
0.581141
0.468956
0.439733
0.332932
0.386914
0.445013
0.499708
0.375140
0.566634
0.327494
0.422934
0.452235
0.382367
0.530900
0.310439
0.489820
0.486615
0.258511
0.439096
0.424766
0.445155
0.534536
0.526049
0.423549
0.443084
0.604691
0.469070
0.397944
0.383990
0.436002
0.571592
0.558151
0.488309
0.445105
0.546850
0.491324
0.380212
0.380521
0.406328
0.379467
0.315398
0.323580
0.385638
0.393033
0.434582
0.540369
0.413902
0.467584
0.363039
0.327030
0.487433
0.501698
0.415485
0.332743
0.297029
0.379243
0.534258
0.476748
0.414537
0.476111
0.435497
0.350058
0.409619
0.507117
0.370089
0.339007
0.401019
0.386787
0.432010
0.415277
0.466641
0.413267
0.405582
0.486341
0.340026
0.597256
0.400859
0.343907
0.324957
0.396973
0.455531
0.337142
0.378094
0.485575
0.481302
0.492705
0.382363
0.414164
0.415927
0.393377
0.280538
0.439150
0.485780
0.347942
0.630390
0.280179
0.422651
0.454674
0.300802
0.383281
0.264341
0.332442
0.579586
0.581733
0.422027
0.265130
0.325081
0.412403
0.386772
0.473656
0.397237
0.353421
0.264192
0.416881
0.513478
0.361236
0.457071
0.426901
0.462341
0.468761
0.392739
0.349691
0.427620
0.305940
0.238206
0.393139
0.395536
0.480505
0.373035
0.374004
0.385093
0.396963
0.482478
0.365266
0.321502
0.253098
0.317801
0.418710
0.413525
0.423924
0.525951
0.451222
0.566281
0.399830
0.501988
0.328600
0.461836
0.363555
0.450875
0.422304
0.422680
0.314388
0.506384
0.293918
0.537102
0.296719
0.347481
0.376109
0.391219
0.361255
0.484352
0.317334
0.541218
0.446473
0.427541
0.348976
0.346838
0.343837
0.325112
0.439364
0.431906
0.261420
0.459976
0.562412
0.306035
0.335067
0.503537
0.423324
0.370998
0.312503
0.336415
0.472805
0.326289
0.301292
0.292439
0.414498
0.325021
0.423371
0.425977
0.387255
0.534110
0.434681
0.217510
0.408418
0.346399
0.423804
0.396614
0.446324
0.308011
0.431788
0.573157
0.473925
0.352968
0.381399
0.451774
0.427775
0.280663
0.372314
0.410539
0.398947
0.424823
0.390464
0.375854
0.408146
0.372379
0.341806
0.372121
0.376990
0.420389
0.365607
0.432693
0.400468
0.368067
0.395206
0.326849
0.499444
0.405530
0.605841
0.300548
0.326977
0.407213
0.273126
0.340741
0.392159
0.523535
0.423009
0.431001
0.305791
0.535612
0.369200
0.512972
0.459978
0.365874
0.376094
0.444311
0.290399
0.362640
0.384971
0.418998
0.384634
0.411075
0.367478
0.285235
0.414213
0.457500
0.367836
0.372689
0.558243
0.322502
0.334069
0.391604
0.454123
0.488658
0.443398
0.457657
0.576052
0.446021
0.438145
0.412895
0.334731
0.443907
0.396033
0.513178
0.315305
0.334838
0.466225
0.451151
0.325791
0.408892
0.392816
0.358323
0.576156
0.445270
0.408936
0.413965
0.610687
0.447374
0.372352
0.470630
0.521318
0.399439
0.416082
0.378943
0.379331
0.422150
0.477247
0.401689
0.477752
0.325018
0.348462
0.386046
0.470470
0.392250
0.368687
0.449137
0.378546
0.366542
0.526607
0.503396
0.421647
0.333596
0.347596
0.427920
0.465361
0.500866
0.432005
0.323633
0.457438
0.355410
0.279465
0.422604
0.381172
0.522339
0.417521
0.428210
0.263587
0.375757
0.480880
0.434358
0.510304
0.394186
0.312369
0.380603
0.432998
0.396807
0.380223
0.362190
0.509136
0.367216
0.402686
0.442274
0.446258
0.305589
0.317133
0.367555
0.337875
0.374309
0.443568
0.535380
0.360803
0.399731
0.454128
0.342839
0.350451
0.341832
0.276351
0.391255
0.395878
0.317085
0.370899
0.383152
0.318872
0.523973
0.319111
0.385589
0.388921
0.407749
0.575890
0.493148
0.437733
0.319777
0.416159
0.351850
0.538286
0.400680
0.483516
0.492916
0.369421
0.389254
0.512756
0.353208
0.431930
0.437657
0.391193
0.393575
0.413168
0.472425
0.267004
0.393568
0.547376
0.432664
0.336341
0.416285
0.425815
0.402569
0.346143
0.353455
0.410334
0.424833
0.480450
0.335782
0.485057
0.414975
0.495675
0.435516
0.457808
0.386573
0.315624
0.424999
0.407341
0.418560
0.461705
0.263189
0.400613
0.356461
0.498981
0.435755
0.318719
0.464734
0.477868
0.398347
0.472594
0.406089
0.354592
0.388444
0.407675
0.390669
0.456061
0.335694
0.352545
0.547338
0.482397
0.431099
0.342902
0.521030
0.448051
0.360396
0.530812
0.436264
0.335224
0.526772
0.394689
0.540464
0.263500
0.400882
0.424686
0.261321
0.482162
0.365703
0.458080
0.303207
0.464279
0.388082
0.430248
0.418996
0.366116
0.293552
0.458633
0.396616
0.416521
0.401346
0.525590
0.322245
0.481791
0.261745
0.300731
0.351084
0.302007
0.287610
0.285973
0.411658
0.370664
0.381592
0.449711
0.376425
0.286575
0.451606
0.436808
0.369340
0.387561
0.416671
0.349543
0.275508
0.467473
0.364538
0.541648
0.278368
0.343776
0.375854
0.442261
0.292326
0.326724
0.423479
0.314800
0.317051
0.352706
0.411366
0.433724
0.373121
0.480119
0.342927
0.481681
0.326304
0.401182
0.327228
0.287034
0.334474
0.544611
0.497697
0.325420
0.573202
0.255647
0.389999
0.333924
0.500624
0.384745
0.425904
0.331245
0.345872
0.501892
0.416950
0.323769
0.325552
0.338272
0.283657
0.365766
0.315542
0.325010
0.426781
0.338368
0.392939
0.306803
0.451702
0.400467
0.401210
0.248098
0.412568
0.400228
0.421097
0.264144
0.426008
0.447652
0.302210
0.343738
0.395243
0.302536
0.363467
0.329201
0.377297
0.256146
0.453004
0.436685
0.335678
0.404716
0.419386
0.496062
0.412224
0.364207
0.322303
0.382877
0.441287
0.392106
0.494326
0.347729
0.230921
0.305116
0.383842
0.351541
0.334671
0.459696
0.336922
0.379975
0.344303
0.501264
0.400721
0.365198
0.422227
0.456203
0.391860
0.398188
0.418841
0.360673
0.244885
0.422506
0.380511
0.327989
0.391067
0.362161
0.445489
0.385406
0.405394
0.477900
0.385299
0.282644
0.341718
0.291091
0.438161
0.379970
0.372915
0.384601
0.343253
0.454668
0.291529
0.358371
0.348923
0.322015
0.350029
0.395550
0.315766
0.271783
0.478980
0.350775
0.356693
0.450669
0.440579
0.414216
0.285423
0.391974
0.424632
0.352153
0.362404
0.349601
0.467020
0.409651
0.357971
0.336966
0.277725
0.363041
0.404575
0.364800
0.508190
0.417635
0.308758
0.340565
0.353577
0.386200
0.354585
0.341073
0.389829
0.335996
0.338797
0.619576
0.455853
0.534829
0.348247
0.343915
0.375472
0.353990
0.295668
0.331313
0.385126
0.336899
0.380671
0.296184
0.349365
0.406547
0.383550
0.376011
0.418027
0.438749
0.577522
0.343936
0.361669
0.263736
0.313312
0.285200
0.340906
0.405706
0.550789
0.318015
0.326783
0.463872
0.358487
0.507915
0.349270
0.372855
0.441987
0.342198
0.241749
0.319003
0.375774
0.391812
0.351133
0.420314
0.316795
0.442799
0.269070
0.460093
0.272308
0.317541
0.399189
0.409799
0.260799
0.318570
0.508900
0.372032
0.370943
0.391728
0.243772
0.372244
0.286388
0.407916
0.313079
0.415517
0.325067
0.302185
0.579915
0.453306
0.449957
0.471693
0.432003
0.364881
0.481064
0.378245
0.421132
0.400082
0.382445
0.467904
0.609725
0.315647
0.295118
0.351872
0.464987
0.436342
0.421148
0.441529
0.376886
0.377803
0.475772
0.303405
0.225982
0.492586
0.456604
0.495345
0.394434
0.546463
0.472526
0.315894
0.436542
0.440542
0.562766
0.341704
0.384042
0.397839
0.371419
0.360447
0.382923
0.330914
0.330306
0.415175
0.345421
0.296510
0.355680
0.348988
0.440333
0.359249
0.357820
0.358124
0.314699
0.369275
0.395652
0.345905
0.312846
0.638744
0.451128
0.382892
0.497914
0.352299
0.338073
0.502413
0.520763
0.338364
0.436524
0.383835
0.327109
0.481300
0.436894
0.305065
0.415876
0.343227
0.362859
0.370796
0.359358
0.391806
0.350680
0.465491
0.351330
0.436560
0.604134
0.410955
0.430694
0.336841
0.466762
0.411509
0.440867
0.476423
0.331231
0.412722
0.368001
0.458807
0.378577
0.287819
0.469217
0.386905
0.383381
0.478898
0.319001
0.439780
0.381558
0.374920
0.451475
0.261063
0.388548
0.350496
0.424084
0.461960
0.403430
0.351112
0.361592
0.272793
0.311348
0.446479
0.392550
0.374147
0.341620
0.399981
0.281048
0.416881
0.459769
0.384010
0.388335
0.291506
0.451377
0.381319
0.305961
0.242017
0.393741
0.333792
0.395220
0.484982
0.342843
0.265739
0.349959
0.367404
0.360718
0.309262
0.385499
0.365771
0.473258
0.517979
0.378917
0.468413
0.493092
0.308220
0.331434
0.395059
0.352980
0.322848
0.461200
0.401605
0.385001
0.507794
0.527802
0.373229
0.511332
0.292108
0.305963
0.253958
0.366078
0.337448
0.401215
0.295928
0.418267
0.273829
0.366334
0.357280
0.371179
0.398033
0.295296
0.308483
0.358669
0.482706
0.315081
0.312554
0.380208
0.348125
0.305646
0.276750
0.405750
0.367637
0.339463
0.284987
0.276210
0.409811
0.393070
0.356086
0.373453
0.436896
0.348301
0.276722
0.402164
0.388032
0.238368
0.324938
0.410801
0.271154
0.372462
0.346828
0.377072
0.435096
0.357494
0.393342
0.279226
0.340275
0.236238
0.459339
0.285625
0.293193
0.405755
0.465454
0.397316
0.337557
0.286256
0.273513
0.283494
0.432327
0.528459
0.253446
0.296177
0.328136
0.416362
0.294251
0.312262
0.340839
0.342929
0.312295
0.261535
0.334138
0.312666
0.279270
0.304942
0.310557
0.360153
0.260942
0.275174
0.352980
0.288676
0.338886
0.419853
0.378751
0.321264
0.400160
0.409030
0.392542
0.328021
0.330675
0.392438
0.280042
0.255937
0.374569
0.382814
0.382249
0.277348
0.402583
0.455641
0.378988
0.263947
0.392962
0.340202
0.333848
0.389033
0.205952
0.387913
0.410533
0.400169
0.395493
0.377185
0.346630
0.364701
0.291919
0.299090
0.219391
0.348951
0.280149
0.440726
0.337148
0.389044
0.435843
0.368830
0.437047
0.547121
0.433474
0.378124
0.243904
0.323037
0.312415
0.404604
0.320438
0.432702
0.444921
0.419837
0.389950
0.292813
0.425012
0.334600
0.302278
0.441469
0.517642
0.273816
0.340796
0.316986
0.310314
0.333122
0.502255
0.360191
0.302067
0.328619
0.320340
0.423094
0.274678
0.376790
0.399911
0.404084
0.305825
0.516213
0.338154
0.341323
0.363308
0.351250
0.346230
0.336368
0.401112
0.463905
0.554812
0.456453
0.406908
0.505663
0.270969
0.316437
0.415793
0.429881
0.310304
0.309174
0.346028
0.325584
0.437668
0.317975
0.469323
0.368448
0.335627
0.362841
0.384147
0.476566
0.373901
0.355103
0.407849
0.435039
0.445949
0.325441
0.374210
0.434314
0.465779
0.338806
0.562044
0.328191
0.486128
0.496326
0.320272
0.403280
0.375647
0.511368
0.335900
0.493479
0.284651
0.227995
0.362374
0.360559
0.313935
0.386191
0.326647
0.305179
0.390925
0.436321
0.511446
0.280143
0.278401
0.277059
0.394598
0.487836
0.453605
0.406760
0.500075
0.369076
0.381716
0.298956
0.489541
0.358393
0.394676
0.324158
0.467280
0.377961
0.315736
0.318435
0.314011
0.299846
0.424681
0.356458
0.402324
0.455121
0.291042
0.324308
0.381686
0.292653
0.280262
0.311397
0.421916
0.565264
0.275690
0.268790
0.408775
0.406708
0.326587
0.239086
0.243835
0.435739
0.390114
0.382168
0.355421
0.315184
0.432157
0.594483
0.371569
0.331377
0.453344
0.307129
0.375026
0.295832
0.420992
0.414169
0.385528
0.448743
0.368638
0.410057
0.365677
0.462871
0.322699
0.431848
0.338277
0.496096
0.461833
0.197396
0.323715
0.309452
0.273031
0.452225
0.336177
0.291662
0.477508
0.358124
0.288366
0.339865
0.342371
0.430365
0.417841
0.358227
0.357928
0.311048
0.433615
0.385736
0.445549
0.364631
0.295283
0.325941
0.447906
0.419674
0.510753
0.443198
0.258107
0.439207
0.376969
0.321928
0.445398
0.275496
0.366744
0.346172
0.472973
0.367283
0.329983
0.506615
0.427464
0.400073
0.340799
0.419507
0.249432
0.370190
0.358299
0.325335
0.332505
0.366072
0.463656
0.323825
0.316050
0.386485
0.519108
0.431476
0.441349
0.484577
0.295380
0.300640
0.338604
0.428271
0.377205
0.491340
0.408784
0.450267
0.410078
0.435379
0.498319
0.387778
0.291829
0.254992
0.282754
0.394547
0.405018
0.334711
0.451827
0.346061
0.353217
0.256165
0.338088
0.317307
0.461939
0.204713
0.420482
0.540433
0.251994
0.314608
0.508164
0.311240
0.280058
0.463782
0.328237
0.259862
0.401689
0.462756
0.333895
0.326195
0.342210
0.334943
0.297135
0.505283
0.350602
0.364670
0.437545
0.365838
0.385533
0.217146
0.250724
0.366605
0.371302
0.485592
0.436846
0.323986
0.402740
0.367143
0.429607
0.294116
0.385721
0.375048
0.357451
0.268904
0.374275
0.315459
0.404578
0.287561
0.261230
0.360980
0.296988
0.361030
0.378398
0.323739
0.284368
0.210333
0.383570
0.239819
0.475505
0.350830
0.292625
0.315665
0.294528
0.328819
0.247874
0.376912
0.322948
0.298941
0.495193
0.353179
0.256357
0.414944
0.362170
0.245423
0.319110
0.360977
0.295281
0.342398
0.405111
0.341392
0.343737
0.375660
0.369155
0.347368
0.353802
0.234365
0.374839
0.329486
0.341204
0.394976
0.433876
0.416010
0.332363
0.262844
0.244759
0.273797
0.263148
0.416363
0.243967
0.399408
0.458489
0.332177
0.256685
0.347280
0.335724
0.292636
0.362390
0.269324
0.348362
0.442261
0.290845
0.330480
0.280422
0.455952
0.278675
0.341086
0.310830
0.392391
0.405679
0.428970
0.332248
0.493147
0.292700
0.256216
0.310008
0.411844
0.367228
0.301752
0.453749
0.262749
0.318111
0.388111
0.258398
0.301106
0.341427
0.576205
0.280312
0.442804
0.457030
0.389488
0.363723
0.254620
0.439780
0.390076
0.295022
0.294282
0.382878
0.367996
0.327632
0.295388
0.330037
0.306030
0.333500
0.294670
0.272034
0.239920
0.278952
0.302063
0.261331
0.409207
0.383220
0.296554
0.271177
0.219481
0.408112
0.319278
0.258951
0.353343
0.246686
0.332648
0.315662
0.321712
0.273913
0.331392
0.225345
0.323160
0.253138
0.283777
0.308387
0.340709
0.399777
0.210298
0.512130
0.366426
0.256116
0.300779
0.333082
0.383331
0.321076
0.370458
0.323790
0.244647
0.260882
0.376239
0.351650
0.193187
0.407191
0.449235
0.515577
0.282042
0.279173
0.325497
0.297626
0.310964
0.479437
0.416628
0.291419
0.326232
0.247636
0.305184
0.314860
0.248860
0.323931
0.412373
0.324153
0.370133
0.256190
0.430003
0.345960
0.295054
0.298932
0.456224
0.280340
0.344882
0.416344
0.239093
0.351314
0.399362
0.242106
0.329377
0.351508
0.383404
0.385167
0.286654
0.369997
0.362315
0.324950
0.408325
0.322743
0.381036
0.336445
0.246413
0.341063
0.436720
0.350862
0.444186
0.319514
0.365847
0.301649
0.358841
0.423986
0.422365
0.279302
0.439992
0.275528
0.367610
0.368153
0.367476
0.207044
0.370529
0.366700
0.377018
0.288046
0.266162
0.420106
0.439275
0.317400
0.451505
0.302895
0.294985
0.521816
0.445826
0.379266
0.402207
0.300953
0.450174
0.478556
0.294149
0.371542
0.246150
0.311375
0.354581
0.431469
0.461619
0.359913
0.438154
0.329277
0.345517
0.352437
0.415733
0.375150
0.371287
0.355646
0.348524
0.252098
0.357002
0.444011
0.308251
0.299247
0.379739
0.516148
0.362251
0.343727
0.223869
0.341283
0.375597
0.425476
0.371411
0.380658
0.262853
0.505006
0.476220
0.351033
0.257697
0.425231
0.332889
0.264581
0.414944
0.432449
0.321582
0.380368
0.441293
0.241716
0.462718
0.409555
0.291313
0.317870
0.390957
0.306583
0.376916
0.414882
0.390747
0.352856
0.353583
0.260293
0.320460
0.293541
0.346756
0.371863
0.265550
0.315603
0.446720
0.373030
0.288969
0.362820
0.227435
0.322150
0.412120
0.474014
0.353236
0.329794
0.317622
0.341153
0.316323
0.287186
0.472777
0.317368
0.465605
0.337892
0.317956
0.363052
0.286766
0.308028
0.329709
0.403497
0.237047
0.425572
0.329658
0.230889
0.463674
0.369493
0.298782
0.389974
0.322653
0.238691
0.424146
0.344613
0.401089
0.312113
0.536943
0.237084
0.267861
0.458149
0.314660
0.431366
0.404277
0.386961
0.264847
0.404399
0.438354
0.407663
0.415249
0.366669
0.325040
0.394898
0.423592
0.609091
0.285127
0.328763
0.310791
0.487706
0.434587
0.331306
0.427453
0.416980
0.377169
0.492901
0.183659
0.397499
0.231178
0.351434
0.213706
0.324141
0.287094
0.347144
0.264929
0.275765
0.278386
0.267042
0.315142
0.304841
0.310185
0.360933
0.310885
0.260707
0.255578
0.277996
0.378124
0.239537
0.270007
0.347340
0.372796
0.248030
0.267018
0.279087
0.241906
0.277258
0.423360
0.281688
0.277135
0.328896
0.352631
0.206611
0.305067
0.272314
0.426743
0.402312
0.178032
0.352818
0.378541
0.355635
0.377204
0.285936
0.345395
0.348284
0.304210
0.215644
0.261971
0.355925
0.163824
0.232862
0.351452
0.357223
0.262602
0.244989
0.366501
0.241377
0.377186
0.222927
0.195558
0.267143
0.364140
0.330342
0.257354
0.255415
0.296368
0.285629
0.355809
0.309825
0.278629
0.287158
0.286732
0.369704
0.333170
0.319182
0.396573
0.350955
0.360769
0.479090
0.292024
0.337574
0.330624
0.343649
0.252188
0.296301
0.413958
0.331272
0.420110
0.344120
0.471464
0.379033
0.348853
0.481482
0.353590
0.275769
0.396936
0.344175
0.310773
0.284903
0.298430
0.314515
0.439628
0.331256
0.332721
0.275017
0.398771
0.375675
0.297518
0.333639
0.219557
0.288411
0.407805
0.231901
0.197522
0.228677
0.339753
0.319645
0.236964
0.362545
0.525277
0.310985
0.267945
0.369730
0.337985
0.286467
0.340962
0.301464
0.305394
0.519352
0.525948
0.297265
0.232318
0.347791
0.362469
0.409596
0.297714
0.251988
0.349353
0.220610
0.304270
0.363149
0.468731
0.393236
0.222214
0.361490
0.282636
0.276861
0.378087
0.444465
0.217132
0.365790
0.355079
0.292681
0.363265
0.328367
0.336102
0.268038
0.426231
0.273368
0.300847
0.408921
0.374058
0.270751
0.310504
0.342915
0.345999
0.489662
0.390801
0.277965
0.362824
0.304926
0.369080
0.369230
0.320556
0.284919
0.402754
0.434874
0.302194
0.282768
0.273761
0.318063
0.371198
0.255698
0.410679
0.369923
0.298931
0.258346
0.282121
0.347168
0.289959
0.266967
0.312071
0.385349
0.249888
0.374809
0.394413
0.464727
0.308373
0.432825
0.288062
0.377418
0.329444
0.270484
0.379830
0.313805
0.270008
0.448725
0.342587
0.381227
0.301199
0.393077
0.342385
0.265572
0.376192
0.404641
0.270188
0.323836
0.265377
0.277312
0.308154
0.265401
0.474657
0.440293
0.251786
0.262464
0.394119
0.366477
0.316425
0.351981
0.297257
0.418597
0.457251
0.362406
0.266913
0.328366
0.455810
0.313182
0.292725
0.337932
0.305349
0.416770
0.348593
0.364801
0.396096
0.314312
0.354175
0.352453
0.265231
0.395139
0.281909
0.249822
0.473942
0.371289
0.370930
0.375034
0.295326
0.447500
0.330360
0.445549
0.348595
0.348971
0.487985
0.298249
0.293516
0.343711
0.444183
0.294333
0.265226
0.301514
0.409700
0.277048
0.433218
0.291087
0.244810
0.261437
0.316077
0.360511
0.392920
0.326572
0.289545
0.301563
0.368128
0.345924
0.338526
0.383579
0.333311
0.252206
0.187774
0.291257
0.355372
0.355732
0.348913
0.495150
0.320235
0.356578
0.222607
0.308183
0.351744
0.418671
0.242295
0.292564
0.446008
0.399473
0.517408
0.309034
0.314586
0.315162
0.218794
0.347588
0.273835
0.206229
0.326857
0.299220
0.277690
0.449783
0.260201
0.369199
0.347643
0.398905
0.331752
0.371478
0.367087
0.438101
0.374547
0.301126
0.270764
0.291471
0.494071
0.549158
0.243389
0.338843
0.296620
0.346021
0.306084
0.284235
0.361615
0.434547
0.331759
0.264615
0.239512
0.348000
0.390025
0.321605
0.384587
0.545169
0.359046
0.332358
0.352028
0.338260
0.319697
0.395065
0.278740
0.346758
0.342982
0.286356
0.381740
0.415423
0.260728
0.295281
0.414853
0.376996
0.470110
0.334961
0.354041
0.284280
0.279668
0.275718
0.405665
0.337630
0.230750
0.226527
0.223603
0.236546
0.439591
0.354086
0.305810
0.446802
0.374537
0.375448
0.274582
0.404083
0.346068
0.343307
0.414021
0.386679
0.426021
0.325070
0.330644
0.187539
