2.621818
2.436927
2.365524
2.472548
2.264986
2.233313
2.095707
2.233240
2.087033
2.068591
2.102426
1.910530
2.007785
1.949021
1.979236
1.921038
1.804895
1.841610
1.791583
1.899724
1.975399
1.872119
1.948145
1.982559
1.841255
1.874762
1.887144
1.786098
1.816831
1.873359
1.900923
1.900796
1.828395
1.868991
1.697807
1.706649
1.880602
1.638640
1.674602
1.810481
1.826367
1.620576
1.703423
1.868082
1.718758
1.760326
1.795507
1.674542
1.653469
1.706137
1.653586
1.723542
1.492317
1.748113
1.847792
1.794570
1.816162
1.856067
1.505390
1.756626
1.647725
1.737646
1.703980
1.560552
1.672193
1.533414
1.757863
1.570310
1.629302
1.857013
1.732568
1.755701
1.601708
1.719622
1.719701
1.500561
1.869528
1.649302
1.502689
1.599083
1.667040
1.447907
1.500952
1.528163
1.635489
1.728132
1.667261
1.619375
1.668584
1.342851
1.516080
1.569397
1.663639
1.503471
1.602163
1.561396
1.658536
1.531120
1.592965
1.555434
1.690827
1.594876
1.599338
1.591235
1.461305
1.610045
1.585802
1.465906
1.514719
1.647475
1.545673
1.638446
1.443034
1.583143
1.360421
1.482805
1.471311
1.554266
1.644167
1.599827
1.512601
1.592441
1.581361
1.660231
1.558970
1.516418
1.648860
1.635789
1.551461
1.536867
1.599175
1.435142
1.569200
1.579417
1.527084
1.544890
1.490149
1.507704
1.531067
1.520884
1.611326
1.358577
1.370117
1.546682
1.390104
1.495063
1.376529
1.587234
1.494241
1.532902
1.410246
1.492775
1.407676
1.478656
1.433369
1.380302
1.423368
1.388015
1.621879
1.435030
1.360042
1.482942
1.536826
1.538112
1.499131
1.399387
1.385153
1.687963
1.545677
1.528808
1.422197
1.442934
1.481323
1.434987
1.434260
1.328320
1.350259
1.390920
1.360068
1.429500
1.299873
1.584338
1.556958
1.370963
1.369492
1.224992
1.294595
1.393106
1.251182
1.350305
1.568521
1.526384
1.585809
1.254753
1.268537
1.332718
1.462130
1.232484
1.260479
1.378588
1.346824
1.300610
1.500798
1.320951
1.318359
1.356588
1.295811
1.271314
1.533878
1.443251
1.382830
1.250143
1.226559
1.501832
1.329577
1.399932
1.493256
1.387290
1.339961
1.420127
1.100271
1.360827
1.337412
1.196401
1.401630
1.256565
1.495268
1.290415
1.257861
1.483920
1.143959
1.407670
1.307620
1.167563
1.330325
1.283803
1.278985
1.229316
1.135447
1.379054
1.400118
1.532121
1.511771
1.200137
1.298603
1.249123
1.104443
1.297352
1.336810
1.296840
1.322955
1.281717
1.430993
1.230442
1.464406
1.415535
1.237190
1.220770
1.301244
1.187455
1.149570
1.241285
1.276489
1.142654
1.211173
1.328677
1.284236
1.513013
1.366720
1.159900
0.993598
1.094727
1.385471
1.261308
1.311157
1.210798
1.181642
1.069429
1.148093
1.304408
1.190745
1.244489
1.071428
0.958876
1.190886
1.234285
1.007270
1.350448
1.254314
0.908825
1.261022
1.464238
1.319049
1.236030
1.462326
1.200756
1.187450
1.202465
1.330364
1.284624
1.234604
1.159555
1.371174
1.194636
1.211664
1.187740
1.178931
1.136473
1.234990
1.202648
1.151534
1.241373
1.183188
1.233982
1.184089
1.094193
1.287629
1.253178
1.450520
1.433854
1.247006
1.227395
1.270411
1.302164
1.191488
1.076931
1.054783
1.291797
1.296890
1.225048
1.235861
1.092642
1.170619
1.139557
0.962642
1.281610
1.295988
1.154641
0.973386
1.021404
1.110786
1.126055
1.165283
0.969880
1.150006
1.312795
1.164631
1.090788
1.137344
1.123527
0.995854
1.192701
1.071154
1.218972
1.169330
1.178865
1.171263
1.241938
1.041496
1.198546
1.092678
0.984143
1.161931
0.986651
1.155070
1.193818
1.309912
1.152743
1.219541
1.100156
1.136284
1.180149
1.303953
1.123328
1.141036
1.204974
1.267836
1.104727
1.174500
0.973953
1.014900
1.296999
1.167148
1.024480
1.068251
1.226057
1.069639
1.193399
1.240052
1.069566
1.266235
1.081505
1.196607
1.090672
1.131441
1.006836
1.225707
1.195019
1.090910
1.166012
1.081068
1.067773
0.930640
1.152472
1.075173
1.087219
1.325310
1.070095
1.118247
1.079113
1.084634
1.278821
1.104676
1.077516
1.070854
1.158956
1.044465
1.048661
0.955342
1.038142
0.945487
0.965258
1.331783
1.045004
0.954374
1.021664
1.086268
1.241328
0.977955
1.065481
0.872458
1.147859
1.065184
1.053438
1.097446
1.069824
1.022535
1.008190
1.049974
1.193755
1.163480
1.069477
0.986489
1.083261
1.090534
1.011468
1.074531
0.905553
1.202426
1.076051
1.085669
1.178147
1.068627
1.038394
1.455105
1.013773
1.134736
1.151278
1.109855
0.970143
1.062938
0.949766
1.034796
0.928379
1.027984
0.962331
1.066178
1.063570
1.086891
0.983872
1.015861
1.014886
1.063252
0.863744
1.035726
1.067617
0.722249
0.963627
1.105714
1.148088
1.007687
0.937679
1.035090
0.869226
1.035665
1.001324
1.177683
1.085959
1.077186
0.989756
1.341831
0.962193
0.934696
1.111262
1.203494
0.983472
1.054420
1.170990
1.005199
0.892171
1.078030
1.012520
1.006460
1.016373
1.041906
0.801137
0.992681
0.982316
0.961466
0.964558
0.836014
0.920091
1.034886
0.963134
0.962530
0.989303
0.912918
0.964989
1.084543
1.112199
0.908177
1.016942
1.157092
0.910304
0.920053
0.991614
0.964691
0.864594
0.973103
0.970098
0.940718
1.124118
1.050982
1.224149
0.856034
0.914041
0.981495
1.047950
1.115525
0.998608
1.068774
0.967322
0.797517
1.018234
0.965296
1.160561
0.801479
1.046159
1.041056
0.916279
0.891604
0.877534
0.934684
0.981096
1.158128
0.849177
1.169166
1.042014
1.058478
0.928421
0.975408
0.936795
0.809881
0.934800
1.001652
0.993570
1.139633
0.939695
0.941969
1.084054
0.931207
0.943842
0.963120
0.895933
1.191269
1.088950
1.188075
0.974720
0.870764
1.002590
0.995290
0.981454
0.771596
1.030500
0.987994
0.988437
1.025164
1.116978
0.864931
0.963966
0.981880
0.888591
1.038679
0.911184
0.860444
1.027621
1.020596
1.088867
0.932024
0.858105
0.847900
0.909942
1.077347
0.922020
0.998028
0.965310
0.896852
0.849443
0.967532
0.818120
0.825449
0.818590
0.819281
1.037249
0.932505
1.036908
0.861069
0.786436
0.713403
1.037609
0.844914
1.148321
0.843275
1.145285
0.854864
0.859481
0.798564
1.045180
1.187304
1.049619
0.970317
0.979164
0.870567
0.949369
0.894437
0.831015
0.927938
0.811822
0.939154
0.966041
0.941646
1.029137
0.984161
0.982527
0.764985
1.014165
0.887484
1.020699
0.939699
0.893332
0.769547
0.743476
0.955318
1.039798
0.877255
0.933891
0.925288
0.965810
0.975042
0.870152
0.816051
0.973787
0.764436
0.985487
0.861169
0.770801
0.953900
0.759268
0.845649
0.889364
0.773939
1.024803
0.881740
1.048934
0.987032
1.065056
0.916662
0.869092
0.861036
1.072414
1.067796
0.957069
0.874787
0.844431
0.663965
0.850331
0.789363
1.107291
0.946200
0.919579
1.133675
0.789570
1.010470
0.813025
0.910829
0.912712
0.703123
1.081758
1.034271
0.985307
0.859128
0.980594
0.946932
0.899889
0.909406
0.848676
0.809551
0.815135
0.867157
0.875690
0.765383
0.826920
1.047569
0.965725
0.858408
0.774261
0.732749
0.669318
1.013732
0.975189
0.966723
0.828728
0.941212
0.880532
0.795319
0.873972
0.927357
0.890272
0.896113
0.945396
0.849488
0.680095
0.953312
1.101383
0.907422
1.012752
0.942299
0.965389
0.796451
0.880772
0.948732
1.055103
0.961796
0.841545
0.959359
0.862342
0.916623
0.887083
0.887630
0.778128
0.815588
0.776141
0.725230
0.864136
0.972733
0.920419
0.659861
0.846995
1.050163
0.760676
0.852129
0.828952
0.886078
1.069612
0.993158
0.965822
0.693238
0.921975
0.885221
0.882906
0.843500
0.890191
1.060018
0.724935
0.876597
0.985006
0.931495
0.863550
0.795059
0.825902
0.915346
0.792611
0.788744
0.920509
0.845803
0.887483
0.940788
0.967425
0.925760
0.881467
1.008800
0.852497
1.007014
0.800284
0.856032
0.744915
0.845016
0.794510
0.876232
0.698951
0.845941
0.771899
0.728497
1.030713
0.880776
1.034957
0.946366
0.742824
1.020846
0.832320
0.698475
0.729202
0.765584
0.774958
0.994780
0.770213
0.746220
0.842800
0.887908
0.873657
0.869973
0.882390
0.808806
0.734672
0.962336
0.866707
0.778790
0.801400
0.805713
1.117714
0.944933
0.860847
0.831385
0.799884
0.599038
0.789911
0.815990
0.729492
0.849139
0.920098
0.854092
0.860521
0.892800
0.768710
0.763857
0.878976
0.960711
0.963355
0.891631
0.964029
0.827259
0.749229
0.881854
0.759482
0.774970
0.944328
0.822039
0.928368
0.911634
0.980397
0.615911
0.689004
0.754284
0.853462
0.794238
0.966230
0.781417
0.705460
0.863071
0.849391
0.805770
0.881083
0.814272
0.727662
0.823222
0.820240
0.795071
0.983151
0.888338
0.726205
0.806757
0.802159
0.938236
0.771085
0.676612
0.833987
0.734697
0.677435
0.897099
0.998343
0.854179
0.780171
0.756905
0.787782
0.658840
0.879120
0.771160
0.977800
0.886701
0.818792
0.822362
0.705716
0.872064
0.766960
0.672241
0.806072
0.822552
0.623246
0.610704
0.777149
0.746819
0.993614
0.802931
0.629672
0.764834
0.715951
0.846279
0.722549
0.943370
0.827251
0.781380
0.940235
0.680330
0.833927
0.698758
0.994544
0.843047
0.721142
0.882123
0.824451
0.840258
0.975434
0.856773
0.670598
0.875455
0.828665
0.924536
0.688983
0.800254
0.662099
0.657412
0.675644
0.654598
0.848511
0.841076
0.897271
0.765262
0.738429
0.697249
0.742230
0.812968
0.664251
0.718841
0.936009
0.871580
0.691729
0.789896
0.773759
0.765602
0.892452
0.650369
0.799634
0.699520
0.739505
0.739937
0.773598
0.647127
0.734217
0.755721
1.041498
0.813223
0.908806
0.843210
0.620103
0.838950
0.718888
0.901915
1.065516
0.813801
0.776850
0.839552
0.723337
0.716508
0.798178
0.937036
0.661620
0.875915
0.755028
0.910588
0.890675
0.784689
0.774747
0.810014
0.845255
0.893139
0.826806
0.606651
0.712453
0.762962
0.935078
0.734703
0.659799
0.792643
0.860407
0.681147
0.693794
0.913862
0.787436
0.642280
0.811838
0.772275
0.692341
0.697292
0.785531
0.726446
0.834007
0.763513
0.992690
0.784491
0.881751
0.769950
0.823866
0.697721
0.696714
0.917947
0.830981
0.838274
0.712847
0.670486
0.628466
0.864844
0.821649
0.713925
0.867123
0.872503
0.721580
0.773006
0.617214
0.694903
0.917513
0.819207
0.699223
0.550318
0.915184
0.689189
0.850698
0.785929
0.728083
0.792579
0.720504
0.845507
0.812797
0.742976
0.829257
0.708034
0.922792
0.695105
0.764214
0.792218
0.632552
0.696788
0.832921
0.867240
0.660259
0.894191
0.749853
0.861761
0.760717
0.834025
0.818455
0.731108
0.726360
0.894323
0.606303
0.799228
0.697068
0.666509
0.744704
0.631741
0.704338
0.608237
0.810533
0.596936
0.646041
0.873771
0.945836
0.682629
0.796229
0.730053
0.601686
0.793631
0.941781
0.786687
0.664490
0.691212
0.694454
0.958993
0.797331
0.701975
0.729798
0.785346
0.999358
0.736639
0.661193
0.699769
0.824291
0.749110
0.687538
0.813525
0.659402
0.912938
0.785839
0.591831
0.663736
0.690385
0.795262
0.870572
0.743407
0.809399
0.765318
0.745080
0.863470
0.738666
0.817221
0.953600
1.005149
0.692766
0.816752
0.818988
0.729228
0.689209
0.811944
0.665519
0.710513
0.703216
0.729842
0.759832
0.791806
0.730067
0.730930
0.731669
0.755288
0.710317
0.825413
0.716644
0.707348
0.832049
0.763435
0.688043
0.765996
0.850235
0.613500
0.610315
0.788658
0.752613
0.631228
0.677426
0.699071
0.750848
0.890682
0.604158
0.637844
0.745628
0.576790
0.604016
0.665338
0.739705
0.732568
0.821979
0.759722
0.744577
0.714174
0.511430
0.759770
0.643421
0.677220
0.753518
0.678262
0.787324
0.681591
0.755188
0.745604
0.725054
0.715740
0.787949
0.700161
0.712302
0.711394
0.873426
0.807491
0.716469
0.538675
0.731088
1.019857
0.746454
0.737456
0.807957
0.605654
0.537585
0.691576
0.662079
0.532814
0.748143
0.583888
0.685905
0.854438
0.778102
0.664831
0.755626
0.611929
0.766291
0.881265
0.723648
0.740538
0.843942
0.571271
0.853244
0.667601
0.923802
0.712408
0.580056
0.744261
0.616073
0.833660
0.701618
0.652728
0.862954
0.675051
0.600242
0.726919
0.800046
0.681495
0.540143
0.678566
0.647113
0.777716
0.781102
0.709368
0.844848
0.828971
0.596842
0.598999
0.556780
0.551929
0.630216
0.661735
0.753699
0.807127
0.461048
0.803783
0.532349
0.584018
0.885735
0.563892
0.672186
0.678349
0.616843
0.842948
0.613177
0.751808
0.743587
0.756177
0.589315
0.592947
0.756711
0.555137
0.657457
0.867532
0.661127
0.732799
0.726768
0.671009
0.614979
0.654807
0.676380
0.658765
0.678239
0.815461
0.730599
0.775376
0.661961
0.650334
0.696860
0.763166
0.687273
0.620987
0.701895
0.856406
0.736464
0.725908
0.762128
0.681663
0.690153
0.759674
0.941921
0.640115
0.928304
0.692563
1.026662
0.679428
0.647898
0.582459
0.574109
0.599116
0.626018
0.643125
0.662711
0.904710
0.685627
0.736665
0.619478
0.642995
0.563061
0.578454
0.616753
0.731949
0.669257
0.696829
0.818994
0.753196
0.957100
0.631727
0.716109
0.804559
0.830388
0.706292
0.576461
0.679590
0.745863
0.633365
0.592757
0.800125
0.701162
0.695588
0.743056
0.698873
0.805437
0.633244
0.870202
0.678963
0.596668
0.671655
0.659082
0.790320
0.727511
0.692776
1.024996
0.561770
0.629622
0.682107
0.678515
0.718938
0.641085
0.763350
0.546966
0.895478
0.632450
0.620044
0.708819
0.655347
0.691224
0.760789
0.750459
0.706897
0.576851
0.846901
0.609208
0.667487
0.632084
0.713162
0.820245
0.687205
0.764899
0.533142
0.799695
0.531435
0.745042
0.755085
0.673192
0.769673
0.660225
0.806430
0.506990
0.580801
0.699277
0.741284
0.707552
0.658130
0.660128
0.587119
0.521870
0.752559
0.809478
0.627589
0.602305
0.850436
0.777471
0.607495
0.560920
0.726827
0.803662
0.730310
0.694385
0.716254
0.613240
0.620522
0.642879
0.781220
0.573740
0.701350
0.651086
0.603748
0.699295
0.678513
0.748713
0.712103
0.841033
0.662086
0.614019
0.747186
0.707993
0.775381
0.545032
0.650786
0.829289
0.675588
0.696295
0.687493
0.725463
0.808072
0.724892
0.698217
0.615361
0.743592
0.708352
0.688667
0.576978
0.671700
0.627733
0.656936
0.717433
0.776824
0.622780
0.693125
0.768888
0.565682
0.736977
0.649732
0.633206
0.552256
0.649312
0.708470
0.630623
0.758196
0.721172
0.779169
0.587613
0.595225
0.708303
0.617692
0.594411
0.732176
0.727270
0.874549
0.791847
0.796791
0.763625
0.743568
0.731870
0.618777
0.620486
0.652761
0.751433
0.646954
0.652724
0.833061
0.791885
0.749894
0.796811
0.727294
0.747241
0.691557
0.777948
0.718439
0.552488
0.578172
0.578836
0.614262
0.697806
0.710455
0.545417
0.514638
0.906172
0.642157
0.774816
0.650752
0.515279
0.589803
0.608094
0.553801
0.811649
0.503236
0.739854
0.655104
0.791383
0.715750
0.620690
0.664717
0.679954
0.566497
0.647085
0.796591
0.687601
0.607628
0.732700
0.639540
0.589482
0.667689
0.722528
0.788532
0.706185
0.696513
0.676830
0.692306
0.547660
0.586880
0.749079
0.676036
0.756212
0.693816
0.606113
0.558007
0.828844
0.558811
0.567215
0.614031
0.635974
0.560969
0.676711
0.792836
0.675593
0.573618
0.788027
0.797909
0.653997
0.799272
0.602245
0.682325
0.686357
0.626697
0.619528
0.605892
0.627738
0.786142
0.895569
0.664251
0.816117
0.742076
0.562304
0.559580
0.489253
0.676631
0.832981
0.894992
0.531602
0.717155
0.739257
0.748349
0.773430
0.643023
0.533636
0.576447
0.719118
0.530888
0.611988
0.787167
0.641215
0.673128
0.526367
0.683312
0.500432
0.750719
0.497973
0.735591
0.602490
0.769442
0.590935
0.853950
0.562686
0.746787
0.601771
0.693396
0.711514
0.812621
0.702331
0.685213
0.623455
0.614783
0.655543
0.501470
0.626309
0.654802
0.663387
0.600641
0.707138
0.733662
0.517631
0.566710
0.634648
0.587570
0.677839
0.797324
0.580553
0.526216
0.644935
0.683478
0.591478
0.528441
0.593813
0.665889
0.647356
0.470273
0.619802
0.574239
0.542740
0.764341
0.686903
0.520292
0.720501
0.509598
0.678269
0.562918
0.665014
0.554434
0.919393
0.649481
0.504124
0.576864
0.598540
0.490746
0.695978
0.753731
0.487892
0.693200
0.580286
0.654068
0.565148
0.655887
1.007344
0.625880
0.633842
0.567530
0.628720
0.625584
0.534714
0.791291
0.685772
0.546684
0.593663
0.784730
0.616744
0.805117
0.679575
0.652056
0.587281
0.520795
0.476286
0.685217
0.687113
0.600483
0.596419
0.680899
0.609216
0.797954
0.713503
0.689967
0.754166
0.762268
0.658952
0.602852
0.639156
0.782925
0.724446
0.538221
0.469022
0.570354
0.637549
0.719522
0.590635
0.564356
0.640515
0.648190
0.616963
0.422357
0.644633
0.744354
0.472605
0.654618
0.746139
0.554499
0.683534
0.558571
0.666979
0.678752
0.648439
0.557963
0.526030
0.767256
0.626624
0.649222
0.672262
0.545188
0.843178
0.544922
0.754524
0.651685
0.624299
0.685066
0.630898
0.653632
0.645069
0.680523
0.665881
0.627806
0.572331
0.541009
0.643053
0.422293
0.572345
0.621268
0.557276
0.604490
0.571689
0.699785
0.811489
0.663039
0.649937
0.587267
0.507101
0.610346
0.741929
0.543954
0.668939
0.577537
0.590807
0.588273
0.872271
0.653014
0.640244
0.662878
0.633176
0.684322
0.585794
0.690182
0.780359
0.695971
0.609365
0.635147
0.666642
0.606442
0.647062
0.739646
0.643649
0.673564
0.567787
0.622293
0.688195
0.526955
0.684436
0.492598
0.543043
0.484134
0.681681
0.677610
0.594310
0.477988
0.561041
0.581344
0.517942
0.563285
0.577741
0.485699
0.548447
0.631394
0.742105
0.615642
0.565564
0.582006
0.657759
0.735503
0.489274
0.715338
0.494092
0.667392
0.572969
0.482904
0.604904
0.449088
0.813921
0.770544
0.475178
0.576468
0.459222
0.554882
0.625218
0.695170
0.613406
0.710060
0.596600
0.429919
0.783107
0.738100
0.763696
0.657899
0.903121
0.544324
0.633211
0.703478
0.705469
0.621737
0.637772
0.657198
0.583250
0.689103
0.654028
0.581097
0.690823
0.599084
0.540091
0.646185
0.584662
0.626302
0.692138
0.639826
0.693645
0.644579
0.514353
0.452583
0.707832
0.669602
0.730030
0.639021
0.658899
0.601854
0.607329
0.603067
0.547511
0.695412
0.514032
0.621329
0.607748
0.523649
0.666619
0.521553
0.438371
0.569224
0.587661
0.448956
0.701435
0.645673
0.670524
0.632761
0.667087
0.585818
0.735001
0.594615
0.727375
0.583323
0.477877
0.703322
0.692368
0.700272
0.689969
0.524270
0.603563
0.588162
0.734600
0.564134
0.650977
0.619366
0.632550
0.641527
0.591600
0.636966
0.577707
0.720568
0.553555
0.714364
0.481035
0.669125
0.577290
0.590888
0.569862
0.556561
0.750744
0.664858
0.677560
0.563064
0.606798
0.733699
0.505426
0.523607
0.763743
0.506354
0.608203
0.598985
0.574536
0.597405
0.419353
0.562666
0.692034
0.584205
0.615859
0.639042
0.646176
0.707826
0.613091
0.635458
0.485359
0.730447
0.544932
0.485141
0.531610
0.608813
0.591110
0.682038
0.619407
0.445327
0.528364
0.923952
0.579632
0.558027
0.621415
0.551113
0.810563
0.542477
0.545992
0.523715
0.559784
0.559668
0.695898
0.651101
0.546349
0.583160
0.599536
0.638160
0.672820
0.641305
0.670680
0.537392
0.569985
0.596124
0.596256
0.484058
0.589068
0.590248
0.650777
0.634092
0.535740
0.618400
0.584546
0.478517
0.591764
0.630159
0.520767
0.531259
0.615542
0.678340
0.543642
0.643856
0.596015
0.638789
0.743146
0.611806
0.721642
0.580704
0.790704
0.653793
0.409586
0.577583
0.527714
0.531070
0.450580
0.555501
0.538296
0.582007
0.609001
0.621854
0.609306
0.616697
0.568891
0.553879
0.616794
0.696579
0.568861
0.599577
0.707616
0.565188
0.678119
0.563585
0.625960
0.691433
0.613983
0.582974
0.391580
0.614630
0.530667
0.439684
0.618888
0.475846
0.618395
0.599948
0.687340
0.557416
0.434261
0.385019
0.543969
0.493690
0.493592
0.674349
0.579102
0.534940
0.481762
0.493815
0.808454
0.534873
0.444873
0.502206
0.654486
0.528158
0.434787
0.513954
0.611005
0.499155
0.512398
0.603842
0.478457
0.509146
0.810147
0.555597
0.812840
0.433065
0.523163
0.558874
0.527063
0.549381
0.468567
0.566219
0.540320
0.597913
0.629043
0.772936
0.567119
0.481592
0.506978
0.556825
0.589804
0.555846
0.449142
0.572600
0.637062
0.503415
0.669452
0.629382
0.612820
0.524113
0.577101
0.571998
0.586340
0.556035
0.621806
0.554663
0.462237
0.588250
0.666274
0.584648
0.541254
0.430951
0.456930
0.644777
0.634696
0.566627
0.522929
0.571360
0.535553
0.442405
0.605520
0.427382
0.674999
0.623737
0.524506
0.599268
0.537293
0.724313
0.738470
0.488344
0.584454
0.532831
0.658511
0.614922
0.548122
0.426516
0.704102
0.533448
0.467994
0.494848
0.583364
0.635147
0.576135
0.602565
0.550579
0.557565
0.406159
0.716587
0.498342
0.586422
0.580016
0.541471
0.550792
0.567140
0.625507
0.590134
0.433315
0.493434
0.504243
0.506012
0.441339
0.503437
0.411784
0.575675
0.522434
0.541225
0.658308
0.520006
0.449056
0.676051
0.749651
0.529084
0.518273
0.649523
0.589791
0.718710
0.586638
0.543079
0.572159
0.578346
0.552709
0.754654
0.430666
0.593908
0.599552
0.661608
0.522423
0.490283
0.539835
0.477474
0.488764
0.564732
0.442368
0.560237
0.542097
0.644567
0.554221
0.744224
0.634567
0.483023
0.563740
0.528172
0.552493
0.568827
0.571581
0.486563
0.671334
0.612280
0.481875
0.678111
0.459100
0.488297
0.483094
0.491387
0.403493
0.594442
0.486072
0.509832
0.376242
0.582068
0.599209
0.398952
0.624569
0.699718
0.343231
0.483043
0.487538
0.493815
0.398037
0.683024
0.632488
0.566808
0.484894
0.586191
0.603281
0.636502
0.476896
0.550627
0.526359
0.645523
0.673682
0.496878
0.500932
0.668055
0.573018
0.470368
0.674408
0.502620
0.492517
0.572145
0.526489
0.675312
0.586562
0.644607
0.559054
0.615071
0.480405
0.596084
0.581028
0.531270
0.593610
0.481424
0.534664
0.360469
0.444197
0.465793
0.535729
0.449121
0.514671
0.542554
0.651540
0.564245
0.623131
0.563683
0.580019
0.756574
0.545361
0.571363
0.650752
0.619748
0.759362
0.457574
0.684778
0.467276
0.548613
0.473476
0.610625
0.457871
0.485013
0.458224
0.500524
0.564778
0.713570
0.432139
0.425860
0.520056
0.558435
0.431597
0.521881
0.662701
0.536690
0.603201
0.442412
0.598849
0.600492
0.584677
0.689821
0.513232
0.688449
0.536062
0.504453
0.707912
0.629613
0.398039
0.400291
0.461627
0.483415
0.395703
0.531059
0.547414
0.483067
0.509610
0.646745
0.728895
0.389671
0.579617
0.624844
0.523757
0.504464
0.516486
0.485514
0.710446
0.602828
0.622579
0.478623
0.420116
0.515994
0.558300
0.597876
0.467814
0.712756
0.467059
0.624897
0.733608
0.664023
0.324419
0.521242
0.682372
0.528564
0.547855
0.589488
0.767550
0.567144
0.580235
0.433973
0.473646
0.444834
0.527459
0.571423
0.568402
0.698684
0.534645
0.687414
0.606968
0.651808
0.726986
0.596921
0.512161
0.592482
0.758939
0.662826
0.591627
0.516984
0.468442
0.629214
0.432191
0.451360
0.598436
0.689239
0.621318
0.551537
0.531252
0.482528
0.439661
0.475767
0.522813
0.566754
0.530819
0.402296
0.617957
0.479929
0.485799
0.497260
0.643274
0.523682
0.436776
0.441476
0.500933
0.496275
0.614899
0.444962
0.425827
0.416324
0.447856
0.443368
0.475624
0.685850
0.569146
0.474354
0.489110
0.381753
0.435193
0.472125
0.422904
0.546692
0.665081
0.480405
0.592874
0.468603
0.600031
0.525057
0.571010
0.538183
0.445823
0.576646
0.432331
0.573430
0.458197
0.541943
0.479966
0.482388
0.588718
0.549375
0.574279
0.425546
0.489414
0.444037
0.507652
0.431660
0.592831
0.606162
0.471044
0.493796
0.598773
0.621153
0.619189
0.750218
0.591994
0.535499
0.542766
0.607541
0.427103
0.514651
0.530747
0.515674
0.545023
0.620803
0.534633
0.539479
0.524973
0.466385
0.450134
0.599889
0.500664
0.510824
0.599287
0.439800
0.586046
0.616659
0.535488
0.462728
0.345227
0.590900
0.514237
0.510792
0.631334
0.579249
0.502157
0.429284
0.568377
0.577652
0.493565
0.664619
0.636560
0.440784
0.429431
0.615702
0.416483
0.511056
0.596534
0.583472
0.480950
0.583847
0.381232
0.694168
0.509176
0.572867
0.524239
0.442864
0.385059
0.671451
0.486243
0.566319
0.568007
0.516049
0.583833
0.610862
0.558555
0.473344
0.638639
0.457294
0.411803
0.545012
0.453757
0.695209
0.585818
0.555690
0.434600
0.604097
0.498081
0.526472
0.469224
0.511817
0.346337
0.455355
0.510936
0.579862
0.416488
0.496116
0.685133
0.444657
0.443191
0.860634
0.337451
0.620373
0.485054
0.649810
0.438767
0.458107
0.448470
0.533518
0.556212
0.567679
0.350749
0.501996
0.484830
0.646405
0.577176
0.523863
0.530366
0.579955
0.511257
0.464409
0.401927
0.358202
0.539799
0.481795
0.541237
0.567367
0.456016
0.450258
0.516909
0.602080
0.317252
0.367521
0.532317
0.365718
0.531198
0.466280
0.383730
0.413774
0.388389
0.490257
0.357993
0.493633
0.538480
0.502188
0.478421
0.621822
0.564202
0.510964
0.569179
0.380030
0.480784
0.585899
0.590742
0.502187
0.529931
0.481244
0.626698
0.475049
0.621759
0.487703
0.647982
0.441295
0.524529
0.640898
0.499302
0.516157
0.476933
0.517030
0.435280
0.648916
0.652954
0.707174
0.443131
0.515276
0.347004
0.552137
0.611363
0.480876
0.479749
0.488692
0.525353
0.585085
0.490581
0.524920
0.372509
0.474337
0.541958
0.585230
0.392871
0.430986
0.601465
0.420948
0.484088
0.529376
0.422628
0.507991
0.592370
0.470431
0.464431
0.542410
0.536696
0.670946
0.479624
0.469124
0.444641
0.404319
0.515119
0.349154
0.533123
0.386226
0.391797
0.500622
0.603245
0.677888
0.475888
0.623640
0.540378
0.539880
0.472250
0.522377
0.597382
0.480408
0.461524
0.624706
0.632569
0.424578
0.690000
0.389432
0.747980
0.464109
0.397725
0.499064
0.796445
0.510031
0.495973
0.528873
0.539645
0.577766
0.481093
0.575211
0.573996
0.469543
0.511278
0.419763
0.519072
0.626928
0.567078
0.528666
0.702825
0.551600
0.521644
0.464613
0.492635
0.465601
0.517466
0.478115
0.621131
0.369012
0.358083
0.426597
0.573548
0.580787
0.447418
0.551099
0.431714
0.554938
0.533315
0.478850
0.637848
0.459618
0.527105
0.632250
0.543092
0.508213
0.601340
0.520812
0.534077
0.453505
0.407303
0.424040
0.637594
0.486573
0.429003
0.579353
0.452629
0.503480
0.614390
0.542997
0.584735
0.605821
0.430545
0.579588
0.573629
0.506098
0.258045
0.538204
0.367634
0.560100
0.427880
0.673672
0.585512
0.559643
0.516786
0.454510
0.478293
0.408359
0.493316
0.562482
0.540532
0.501173
0.522706
0.493569
0.415264
0.502293
0.497421
0.608461
0.494695
0.546814
0.413086
0.508868
0.517084
0.389031
0.500280
0.509445
0.541475
0.515752
0.490662
0.469018
0.591248
0.444443
0.470660
0.456716
0.533098
0.578130
0.523839
0.475261
0.437328
0.738374
0.704821
0.470274
0.595698
0.445797
0.526293
0.493835
0.441577
0.496736
0.735587
0.452118
0.465058
0.588041
0.631472
0.497336
0.484938
0.513593
0.339972
0.515951
0.379768
0.530130
0.380976
0.509401
0.535011
0.458608
0.516830
0.672212
0.616135
0.338009
0.485842
0.456099
0.561485
0.443122
0.519650
0.564749
0.418302
0.616312
0.519985
0.318318
0.401966
0.380585
0.357407
0.421073
0.489201
0.508823
0.456847
0.532370
0.471113
0.380094
0.423153
0.458121
0.503387
0.577918
0.461569
0.454470
0.588879
0.581377
0.615355
0.359724
0.433887
0.501485
0.490526
0.551314
0.486571
0.543528
0.563618
0.488636
0.546140
0.497576
0.438622
0.563701
0.385321
0.525644
0.488351
0.509896
0.537208
0.438369
0.368477
0.516014
0.479281
0.413928
0.334752
0.358724
0.561183
0.403127
0.305992
0.536364
0.475558
0.605199
0.469738
0.478308
0.496383
0.525705
0.378471
0.489586
0.489143
0.372603
0.576941
0.487101
0.428458
0.306279
0.412928
0.452677
0.419965
0.574611
0.449125
0.408089
0.407600
0.300353
0.527703
0.530178
0.434603
0.552920
0.486975
0.403755
0.511247
0.397834
0.590084
0.621229
0.651022
0.380150
0.571403
0.550932
0.396718
0.437978
0.473250
0.509968
0.528298
0.490534
0.426278
0.525582
0.697389
0.512227
0.437983
0.483032
0.564702
0.412110
0.575269
0.559510
0.325265
0.348335
0.508731
0.505250
0.550833
0.541131
0.517164
0.484223
0.405726
0.504095
0.513420
0.473237
0.567175
0.305549
0.378712
0.576617
0.435347
0.793634
0.470430
0.527432
0.510222
0.410712
0.563534
0.480399
0.535356
0.626266
0.518217
0.627883
0.577919
0.527285
0.515992
0.482280
0.316431
0.539589
0.463190
0.447487
0.427147
0.548870
0.389013
0.707070
0.431994
0.529762
0.355744
0.303000
0.646241
0.477508
0.493853
0.440065
0.653709
0.509415
0.586492
0.402904
0.462695
0.367298
0.509645
0.500895
0.349044
0.504776
0.471381
0.393095
0.566851
0.584033
0.458377
0.432993
0.403688
0.404658
0.474635
0.540779
0.401230
0.609378
0.446012
0.470389
0.436259
0.500221
0.532499
0.547562
0.501791
0.594542
0.479007
0.438550
0.550984
0.520988
0.444829
0.592035
0.545697
0.491989
0.490557
0.329042
0.453717
0.632879
0.598518
0.492688
0.386429
0.470383
0.560751
0.518423
0.339060
0.474885
0.421944
0.376861
0.586881
0.531543
0.537089
0.430076
0.588272
0.404315
0.468354
0.419736
0.495308
0.353062
0.375996
0.410261
0.715934
0.524152
0.512311
0.591333
0.505376
0.382633
0.338686
0.440713
0.379913
0.403028
0.434141
0.424491
0.390359
0.594565
0.499868
0.385040
0.532026
0.407607
0.435716
0.479624
0.421741
0.439336
0.527353
0.421713
0.442320
0.568199
0.376064
0.380217
0.435829
0.465762
0.480591
0.402749
0.541579
0.418396
0.374471
0.387449
0.518261
0.360709
0.507852
0.402324
0.525110
0.447554
0.422563
0.434272
0.321978
0.346632
0.462368
0.405736
0.503778
0.508305
0.577160
0.442076
0.474238
0.504487
0.423787
0.420828
0.462127
0.417317
0.406612
0.485796
0.609366
0.499848
0.589431
0.658627
0.479496
0.484465
0.442518
0.482144
0.460810
0.544818
0.440584
0.307535
0.485054
0.399301
0.528116
0.496410
0.362584
0.592472
0.459999
0.545574
0.567453
0.527051
0.575601
0.634514
0.549942
0.501926
0.547034
0.442115
0.445014
0.390016
0.448376
0.521091
0.526323
0.458567
0.583650
0.513530
0.441789
0.340193
0.500862
0.372084
0.459007
0.346697
0.314451
0.405667
0.494951
0.277229
0.492784
0.518781
0.455868
0.486134
0.498268
0.446861
0.463299
0.594431
0.497009
0.492635
0.486692
0.441526
0.384925
0.542209
0.491869
0.429868
0.507132
0.576017
0.329556
0.559057
0.557795
0.441846
0.534905
0.407778
0.376585
0.535628
0.460992
0.509268
0.412231
0.427425
0.443924
0.448741
0.400123
0.467267
0.409177
0.382873
0.321766
0.381961
0.369927
0.418009
0.401749
0.493256
0.475742
0.457081
0.346960
0.465038
0.327296
0.444343
0.684173
0.246391
0.504386
0.403133
0.409948
0.603008
0.329166
0.356805
0.457816
0.429623
0.473614
0.327191
0.502129
0.403584
0.494976
0.399608
0.309099
0.340590
0.476352
0.307123
0.529388
0.538673
0.419438
0.271254
0.462563
0.356336
0.338743
0.398716
0.376685
0.498813
0.401010
0.356728
0.351730
0.433738
0.367151
0.470983
0.429071
0.446662
0.280791
0.420903
0.488324
0.409871
0.321166
0.503904
0.504436
0.432916
0.440269
0.607443
0.384296
0.391602
0.442186
0.488392
0.529254
0.377756
0.496021
0.433443
0.302606
0.370077
0.392707
0.436137
0.431930
0.561787
0.412358
0.440042
0.529601
0.563714
0.444361
0.585167
0.457207
0.575829
0.443915
0.495687
0.452787
0.437314
0.492763
0.492741
0.385413
0.477093
0.406208
0.494066
0.414785
0.419520
0.536502
0.525056
0.588278
0.460984
0.317277
0.425139
0.481706
0.413148
0.534911
0.448240
0.453725
0.338580
0.521144
0.510530
0.537724
0.411323
0.442524
0.677964
0.335764
0.597733
0.410973
0.413898
0.444912
0.617631
0.352417
0.446460
0.547734
0.525359
0.491860
0.499353
0.594893
0.488521
0.334725
0.427021
0.391475
0.467406
0.481015
0.430173
0.342522
0.475074
0.621720
0.470640
0.355785
0.400762
0.503434
0.341284
0.440988
0.585181
0.396903
0.601510
0.476374
0.412549
0.445863
0.609267
0.656630
0.534632
0.451119
0.565775
0.380999
0.389901
0.331918
0.524813
0.423787
0.435386
0.442926
0.358523
0.397940
0.461909
0.344991
0.431694
0.452936
0.494567
0.325468
0.399975
0.469902
0.496895
0.508993
0.412688
0.595396
0.409228
0.387667
0.433237
0.351615
0.397153
0.483495
0.364232
0.482002
0.303569
0.380351
0.315098
0.436906
0.488285
0.312315
0.430735
0.569879
0.381658
0.512182
0.477138
0.466867
0.448624
0.410756
0.427312
0.431563
0.462346
0.389871
0.393218
0.506119
0.489115
0.468717
0.370856
0.767363
0.430351
0.390280
0.615238
0.406569
0.455088
0.522244
0.384074
0.518780
0.419587
0.309645
0.542338
0.448669
0.526439
0.498585
0.523248
0.447109
0.450978
0.411608
0.455668
0.357547
0.412860
0.341739
0.574427
0.548345
0.513933
0.544408
0.488274
0.593424
0.447284
0.463391
0.541223
0.416952
0.378446
0.363576
0.424311
0.359899
0.325451
0.467215
0.479540
0.537722
0.442752
0.424361
0.488534
0.550162
0.368204
0.532009
0.525232
0.517478
0.349674
0.542784
0.450700
0.443544
0.433945
0.391829
0.631285
0.547851
0.394901
0.304795
0.528201
0.485907
0.662177
0.472542
0.484701
0.443393
0.540333
0.350941
0.355177
0.327658
0.629955
0.576715
0.407250
0.480376
0.475810
0.608194
0.434783
0.478412
0.483274
0.366091
0.401526
0.382593
0.377797
0.447008
0.554727
0.455228
0.478735
0.489220
0.410389
0.445448
0.370050
0.399986
0.413895
0.340123
0.476667
0.431554
0.415084
0.483050
0.526033
0.342190
0.495283
0.358417
0.523865
0.418473
0.313617
0.413512
0.472799
0.450796
0.474202
0.573350
0.362164
0.589633
0.437267
0.475197
0.398187
0.507079
0.241744
0.437495
0.451199
0.361863
0.537562
0.358481
0.437389
0.543259
0.395139
0.471338
0.436523
0.281974
0.510246
0.476676
0.474867
0.480811
0.665333
0.655009
0.540849
0.458437
0.350598
0.384713
0.509946
0.404787
0.379278
0.474626
0.444174
0.467349
0.490140
0.410816
0.264882
0.374283
0.345288
0.372401
0.453932
0.465334
0.423301
0.281186
0.318809
0.499092
0.381478
0.474094
0.384724
0.283335
0.394700
0.577446
0.511170
0.314731
0.395389
0.439764
0.394927
0.490575
0.266869
0.501252
0.411401
0.532928
0.537293
0.470507
0.424666
0.369610
0.496645
0.373794
0.535585
0.560070
0.604942
0.445637
0.456223
0.461746
0.455065
0.417208
0.465764
0.303621
0.445416
0.377472
0.423465
0.449978
0.350051
0.442164
0.383653
0.310270
0.391496
0.473354
0.350556
0.437657
0.540849
0.379377
0.323424
0.265845
0.357196
0.336842
0.374848
0.430687
0.442741
0.519189
0.371079
0.279081
0.472004
0.453145
0.359355
0.339048
0.414425
0.463664
0.413354
0.527531
0.417941
0.391544
0.450478
0.555456
0.478412
0.393370
0.514759
0.309150
0.384282
0.405097
0.545943
0.328315
0.481981
0.313519
0.359567
0.317404
0.366058
0.513985
0.461091
0.271441
0.481657
0.307419
0.324751
0.292902
0.291957
0.521781
0.370745
0.485002
0.411524
0.367003
0.531819
0.327632
0.457215
0.517132
0.365161
0.352732
0.379913
0.703085
0.264945
0.396174
0.403814
0.336214
0.413856
0.421100
0.402712
0.549011
0.401183
0.375902
0.466742
0.527674
0.394091
0.579157
0.274799
0.442135
0.467557
0.355609
0.489900
0.436297
0.384950
0.338864
0.520984
0.396698
0.506437
0.478371
0.427097
0.462983
0.383897
0.386844
0.436568
0.313669
0.361413
0.592024
0.490588
0.361568
0.638258
0.445441
0.504617
0.439699
0.293798
0.365227
0.442608
0.523192
0.308522
0.479013
0.460540
0.465692
0.405231
0.406991
0.390606
0.471727
0.448714
0.482037
0.511176
0.400987
0.412286
0.395725
0.237190
0.357103
0.433789
0.483131
0.432585
0.261043
0.324945
0.386820
0.453877
0.277225
0.220394
0.351139
0.301422
0.288941
0.339595
0.403677
0.307426
0.385015
0.314373
0.438982
0.448167
0.451730
0.305750
0.436392
0.421871
0.369250
0.528479
0.439997
0.447873
0.379701
0.459513
0.398700
0.326402
0.413962
0.407160
0.308340
0.478410
0.454412
0.324896
0.380965
0.403170
0.433202
0.456794
0.420950
0.526625
0.568177
0.310993
0.471829
0.372251
0.382174
0.429050
0.330404
0.389386
0.464221
0.457682
0.366198
0.414042
0.366023
0.304138
0.348563
0.341892
0.298076
0.356947
0.375973
0.604967
0.354911
0.391694
0.549054
0.367880
0.414045
0.532345
0.320941
0.348039
0.448287
0.356373
0.437523
0.431814
0.406046
0.433144
0.368796
0.427203
0.381499
0.452886
0.359795
0.409241
0.508886
0.371548
0.469452
0.427455
0.535777
0.464792
0.296881
0.551604
0.471995
0.409411
0.385101
0.484560
0.448971
0.358714
0.365833
0.540256
0.310037
0.368104
0.420351
0.392899
0.475610
0.513648
0.470655
0.471538
0.339212
0.418456
0.340378
0.398903
0.339805
0.210706
0.409717
0.319754
0.399503
0.327446
0.466599
0.414396
0.523424
0.403426
0.322905
0.310087
0.613017
0.365483
0.331664
0.386935
0.581639
0.367915
0.501250
0.699662
0.398958
0.348480
0.278358
0.451472
0.356514
0.459552
0.438491
0.605517
0.345204
0.399072
0.479196
0.522942
0.431790
0.396576
0.361097
0.406802
0.440553
0.405152
0.407850
0.450997
0.375401
0.571079
0.429660
0.480900
0.421059
0.416583
0.507739
0.374355
0.508201
0.381816
0.310021
0.554178
0.521197
0.307575
0.412573
0.295776
0.423482
0.567564
0.443820
0.528010
0.508881
0.450430
0.291506
0.409171
0.594418
0.379114
0.363026
0.372971
0.648358
0.486238
0.545178
0.348561
0.323224
0.367557
0.308545
0.437920
0.388776
0.547341
0.475331
0.335571
0.575178
0.338773
0.257989
0.413619
0.554498
0.428122
0.389045
0.506152
0.472231
0.475594
0.290994
0.301600
0.673238
0.342784
0.426492
0.378895
0.443977
0.489993
0.337914
0.397027
0.523424
0.338938
0.569073
0.438607
0.405040
0.346467
0.563775
0.370580
0.410224
0.276259
0.520666
0.540000
0.411600
0.394926
0.429158
0.381353
0.360911
0.473121
0.406445
0.359115
0.370122
0.302215
0.404429
0.463074
0.422184
0.438206
0.406898
0.443342
0.328465
0.482325
0.420231
0.408792
0.294560
0.518544
0.396045
0.421057
0.417173
0.610444
0.599801
0.508498
0.392126
0.342701
0.639181
0.346153
0.372879
0.392592
0.388231
0.488144
0.432756
0.404748
0.373204
0.315909
0.468841
0.425181
0.382764
0.499467
0.363016
0.317168
0.518267
0.346479
0.312253
0.382286
0.567767
0.398526
0.333842
0.408221
0.329832
0.257631
0.441309
0.467848
0.403189
0.406202
0.345356
0.352655
0.366420
0.320747
0.419830
0.513658
0.273085
0.321043
0.272749
0.443338
0.383012
0.298356
0.315135
0.295028
0.300722
0.506395
0.296794
0.451617
0.458412
0.478615
0.356329
0.307355
0.259587
0.408646
0.354282
0.394639
0.457201
0.419323
0.520293
0.401469
0.400919
0.593924
0.520233
0.369814
0.309481
0.513315
0.438846
0.320913
0.354881
0.419055
0.287118
0.363714
0.469601
0.381470
0.346502
0.254912
0.340614
0.453914
0.470302
0.375549
0.413745
0.309445
0.363367
0.361561
0.278339
0.388750
0.373163
0.366386
0.398891
0.360748
0.307272
0.314615
0.415905
0.507477
0.517564
0.339385
0.290946
0.390605
0.482380
0.558757
0.239685
0.393337
0.313198
0.329047
0.426518
0.607411
0.382777
0.503116
0.387801
0.389232
0.319699
0.467146
0.448634
0.441858
0.335305
0.295897
0.285088
0.435777
0.301173
0.269717
0.383236
0.414757
0.342585
0.511708
0.391959
0.334676
0.468805
0.358187
0.370794
0.332459
0.409671
0.251130
0.495817
0.415494
0.316348
0.305987
0.261200
0.368489
0.360672
0.342987
0.421134
0.341048
0.353867
0.390445
0.432247
0.418510
0.305793
0.351977
0.490818
0.421704
0.351516
0.350259
0.396318
0.261118
0.394179
0.502008
0.346115
0.396042
0.356251
0.530532
0.375021
0.347666
0.295702
0.309888
0.411903
0.342921
0.484127
0.482358
0.229522
0.456254
0.519879
0.395256
0.345484
0.289732
0.324442
0.467164
0.401926
0.462991
0.443428
0.356443
0.384331
0.299579
0.355842
0.307274
0.310369
0.513167
0.391457
0.413057
0.268186
0.343732
0.284809
0.339782
0.397124
0.359131
0.472861
0.544843
0.331619
0.396824
0.345517
0.311162
0.323681
0.541112
0.320929
0.233481
0.492282
0.275477
0.454944
0.539941
0.423498
0.419756
0.335266
0.344228
0.402455
0.429405
0.528642
0.363544
0.446409
0.423244
0.485812
0.294064
0.457412
0.342141
0.375169
0.321910
0.396435
0.303748
0.424379
0.427933
0.249273
0.300701
0.349699
0.384865
0.346862
0.444092
0.358535
0.415950
0.399688
0.411886
0.325604
0.349510
0.292951
0.353812
0.390276
0.333091
0.430906
0.418398
0.444415
0.285495
0.465178
0.304212
0.337293
0.489117
0.297219
0.341378
0.391273
0.336109
0.244491
0.462483
0.451236
0.352191
0.402028
0.216104
0.417867
0.226433
0.409125
0.264050
0.475030
0.386803
0.379503
0.580638
0.524236
0.404411
0.442976
0.351495
0.384480
0.377265
0.360191
0.499182
0.344430
0.516254
0.379747
0.438298
0.407026
0.371768
0.339383
0.315666
0.435213
0.260450
0.368228
0.365393
0.244328
0.372340
0.330492
0.338504
0.412713
0.325684
0.404327
0.532410
0.325825
0.478112
0.321518
0.425708
0.292379
0.438769
0.410431
0.443850
0.464570
0.285623
0.620916
0.511441
0.441336
0.319218
0.534888
0.464767
0.413768
0.448163
0.337839
0.412598
0.404498
0.359966
0.438413
0.480329
0.471891
0.428705
0.350702
0.448744
0.526031
0.312085
0.416439
0.438579
0.454363
0.322482
0.339857
0.478872
0.529776
0.478421
0.387798
0.294004
0.460323
0.644878
0.365950
0.301102
0.330673
0.454031
0.498187
0.445890
0.570957
0.344772
0.294530
0.407718
0.422543
0.386687
0.384225
0.424330
0.499220
0.339086
0.458109
0.337206
0.368648
0.519361
0.380641
0.483546
0.582756
0.283958
0.307286
0.437293
0.425779
0.485383
0.402211
0.379245
0.448304
0.473452
0.362292
0.375699
0.430969
0.435999
0.422784
0.400463
0.458140
0.383701
0.523380
0.402212
0.495094
0.415370
0.332256
0.500198
0.425402
0.360588
0.424581
0.364494
0.342440
0.331610
0.408186
0.279940
0.413202
0.402765
0.311247
0.438121
0.329505
0.278190
0.425986
0.381319
0.400803
0.250335
0.354791
0.409691
0.255015
0.240380
0.233067
0.357875
0.405645
0.469550
0.333503
0.319222
0.384503
0.280472
0.354409
0.478073
0.306193
0.357779
0.358761
0.280335
0.299174
0.458968
0.341289
0.244305
0.317893
0.223917
0.441218
0.384822
0.347630
0.446419
0.160599
0.407397
0.298916
0.373746
0.407747
0.216215
0.444716
0.427942
0.375594
0.566940
0.531001
0.334290
0.361496
0.527793
0.323106
0.392908
0.403946
0.345898
0.435583
0.352089
0.316696
0.369353
0.462495
0.459430
0.504950
0.413754
0.341931
0.357250
0.502932
0.338563
0.339476
0.393795
0.286821
0.604987
0.369065
0.321100
0.351064
0.462664
0.475835
0.460452
0.430437
0.374745
0.506268
0.608418
0.340892
0.298023
0.288540
0.388610
0.396281
0.241461
0.413380
0.259894
0.571834
0.262650
0.352206
0.311849
0.299833
0.293765
0.367607
0.346920
0.376727
0.387065
0.373159
0.274547
0.315053
0.405753
0.443495
0.236350
0.336583
0.460120
0.447007
0.377162
0.253193
0.492365
0.361502
0.393350
0.410936
0.282517
0.358347
0.375236
0.339363
0.349792
0.442475
0.288291
0.309689
0.438759
0.326459
0.343776
0.313689
0.320467
0.415815
0.433506
0.477390
0.252934
0.366754
0.347345
0.368508
0.297555
0.334703
0.424808
0.413654
0.325766
0.353156
0.348253
0.338824
0.303812
0.290885
0.280454
0.307932
0.425179
0.472461
0.490465
0.369625
0.317702
0.442290
0.248668
0.581672
0.316637
0.409241
0.361452
0.358462
0.320200
0.429304
0.377755
0.315507
0.446125
0.318306
0.402056
0.237411
0.354460
0.278381
0.346668
0.329402
0.297696
0.278086
0.505473
0.533811
0.414283
0.448739
0.412973
0.268782
0.463275
0.431580
0.465101
0.298755
0.369486
0.329202
0.384208
0.513391
0.253978
0.352449
0.339424
0.362670
0.307325
0.362888
0.300993
0.303311
0.272458
0.443217
0.299336
0.273056
0.423736
0.369534
0.407889
0.289238
0.303975
0.209020
0.300346
0.344358
0.430195
0.387007
0.393747
0.384066
0.330685
0.287744
0.356870
0.309197
0.426134
0.454421
0.306948
0.263159
0.310219
0.300593
0.412960
0.238940
0.360953
0.410050
0.403949
0.317954
0.380425
0.294924
0.429799
0.387956
0.417925
0.371129
0.311628
0.328798
0.309404
0.380115
0.298112
0.377074
0.305814
0.457988
0.371487
0.392027
0.261442
0.374547
0.326539
0.277630
0.302204
0.296169
0.275114
0.490613
0.271600
0.376920
0.441292
0.358070
0.341341
0.524466
0.390460
0.475170
0.354462
0.472256
0.396706
0.421309
0.319035
0.300176
0.368504
0.265912
0.316368
0.271865
0.341762
0.330197
0.365956
0.380014
0.327643
0.477349
0.253732
0.458177
0.471663
0.284493
0.405697
0.434357
0.434345
0.259383
0.390601
0.420442
0.334759
0.327875
0.341335
0.369539
0.329406
0.408293
0.275966
0.463438
0.368198
0.481512
0.402563
0.406609
0.509570
0.327027
0.460225
0.391132
0.339092
0.330078
0.394548
0.436844
0.367025
0.348859
0.256435
0.380993
0.333927
0.496869
0.354621
0.505121
0.404087
0.421504
0.378076
0.364801
0.340095
0.374117
0.336107
0.424354
0.309315
0.334293
0.415005
0.297601
0.379473
0.446380
0.390493
0.245156
0.320311
0.294357
0.441702
0.325915
0.320511
0.329779
0.361903
0.316276
0.353296
0.455891
0.334747
0.500109
0.402488
0.316087
0.316855
0.393149
0.268705
0.350240
0.366097
0.339555
0.394921
0.424642
0.294513
0.297507
0.355541
0.440369
0.424089
0.334226
0.295989
0.398588
0.322347
0.310313
0.397217
0.306407
0.336931
0.293572
0.339800
0.283174
0.319482
0.330296
0.349312
0.437189
0.462191
0.378689
0.333671
0.366420
0.656414
0.428273
0.347509
0.294369
0.318759
0.266326
0.270185
0.287024
0.269935
0.428624
0.279327
0.325081
0.357230
0.536217
0.261253
0.439265
0.405971
0.413193
0.489491
0.419304
0.276468
0.253119
0.309536
0.391884
0.290168
0.424974
0.337308
0.270402
0.611018
0.311760
0.300678
0.374023
0.307674
0.318670
0.333694
0.313242
0.406595
0.386903
0.311417
0.291576
0.394311
0.263960
0.340796
0.260111
0.412275
0.252897
0.295902
0.380659
0.379895
0.396628
0.299666
0.319116
0.352532
0.293873
0.299220
0.463615
0.187061
0.222442
0.246966
0.399593
0.481149
0.238921
0.345268
0.327112
0.234896
0.311863
0.347371
0.437321
0.520888
0.211555
0.309493
0.416970
0.371363
0.229299
0.437680
0.321422
0.328465
0.478820
0.195715
0.325446
0.319890
0.311830
0.249531
0.224541
0.314696
0.427350
0.288081
0.313990
0.352657
0.545547
0.303881
0.482969
0.304574
0.405125
0.403355
0.291486
0.302648
0.405210
0.329939
0.260342
0.357098
0.348248
0.300128
0.381099
0.247538
0.379924
0.233716
0.285580
0.292904
0.296269
0.249790
0.357092
0.245057
0.427212
0.377269
0.273797
0.426078
0.258047
0.323412
0.381637
0.386733
0.227347
0.255551
0.369357
0.351082
0.288097
0.347985
0.459399
0.421332
0.329116
0.402316
0.369161
0.346355
0.276046
0.356027
0.341867
0.265736
0.326358
0.421095
0.276883
0.392194
0.360599
0.320540
0.322611
0.279288
0.328735
0.358168
0.343643
0.391352
0.450409
0.413638
0.325646
0.479521
0.305676
0.365500
0.376991
0.485314
0.362533
0.377161
0.434962
0.436595
0.250555
0.580798
0.260506
0.399850
0.336653
0.425132
0.276842
0.455242
0.350624
0.244263
0.328110
0.629095
0.426408
0.285490
0.374071
0.349394
0.395431
0.281662
0.182017
0.456112
0.404941
0.435409
0.317849
0.224561
0.355308
0.308299
0.252226
0.200385
0.243018
0.405767
0.288523
0.408456
0.414442
0.453544
0.398780
0.350815
0.392777
0.551795
0.409498
0.443150
0.292397
0.349987
0.416378
0.311038
0.335868
0.331860
0.391248
0.221570
0.404884
0.277154
0.367911
0.323232
0.333455
0.365637
0.365134
0.349616
0.229789
0.208900
0.296202
0.515887
0.356852
0.348287
0.323500
0.351163
0.198159
0.420352
0.227908
0.335606
0.389175
0.373572
0.340528
0.221891
0.372156
0.338057
0.416777
0.547379
0.446883
0.276156
0.314398
0.498230
0.312210
0.275965
0.523750
0.302801
0.421550
0.233458
0.324920
0.334832
0.477034
0.461912
0.294188
0.356003
0.386281
0.319106
0.441125
0.316253
0.355547
0.270479
0.378342
0.322022
0.236960
0.308850
0.327754
0.308068
0.211563
0.307913
0.306813
0.278682
0.316768
0.351340
0.505755
0.274457
0.193948
0.302691
0.243816
0.344728
0.387168
0.327915
0.408493
0.386039
0.321455
0.412272
0.395179
0.326396
0.357701
0.343919
0.290407
0.257381
0.355288
0.405659
0.251791
0.351151
0.437675
0.372096
0.319925
0.299896
0.345477
0.296665
0.425101
0.541979
0.382488
0.325793
0.273794
0.347093
0.283097
0.410865
0.279089
0.330627
0.337456
0.330956
0.281159
0.247848
0.279826
0.266688
0.432887
0.282830
0.232273
0.325360
0.294779
0.469860
0.270086
0.324454
0.317963
0.362514
0.226087
0.341235
0.376427
0.316137
0.309455
0.382979
0.291727
0.286013
0.390690
0.294299
0.410575
0.278998
0.264533
0.387496
0.350956
0.258353
0.361559
0.395575
0.256101
0.332847
0.354436
0.278268
0.287044
0.341093
0.352534
0.375225
0.409201
0.287896
0.360364
0.451737
0.414298
0.332003
0.303986
0.287901
0.363858
0.303535
0.231522
0.489185
0.378280
0.293767
0.327308
0.503519
0.281802
0.319409
0.384061
0.336583
0.338010
0.287085
0.302721
0.407228
0.217071
0.317180
0.255225
0.293270
0.361766
0.275374
0.354986
0.280311
0.268496
0.420777
0.343526
0.269896
0.315304
0.332912
0.473074
0.354899
0.204133
0.340347
0.341529
0.452760
0.220446
0.386558
0.264417
0.277336
0.414959
0.264225
0.315660
0.329170
0.422279
0.350120
0.334761
0.465673
0.380650
0.277267
0.293969
0.461093
0.339460
0.451057
0.237708
0.358836
0.297233
0.259912
0.252266
0.325113
0.251831
0.376080
0.325411
0.239984
0.351705
0.268872
0.234717
0.268247
0.204259
0.359752
0.245221
0.277075
0.404179
0.210122
0.233888
0.306662
0.301229
0.230422
0.301357
0.231284
0.185888
0.292571
0.348967
0.223381
0.394305
0.379019
0.406151
0.333105
0.319377
0.340587
0.386637
0.328559
0.296947
0.353548
0.309117
0.375528
0.361508
0.304995
0.202298
0.247125
0.274258
0.515606
0.256403
0.280991
0.408802
0.285432
0.418635
0.314680
0.262495
0.365477
0.279557
0.286842
0.321374
0.339562
0.295206
0.234657
0.238463
0.310309
0.311299
0.344275
0.402041
0.200499
0.308933
0.335052
0.408815
0.370713
0.417591
0.355188
0.409774
0.264529
0.500276
0.398712
0.309046
0.353154
0.296219
0.338410
0.282692
0.208962
0.386134
0.411472
0.366112
0.238246
0.294055
0.341336
0.261711
0.262273
0.284718
0.352777
0.439518
0.208415
0.287640
0.302134
0.349306
0.317010
0.404750
0.259387
0.332109
0.350451
0.380421
0.345177
0.335238
0.269661
0.232517
0.158721
0.288752
0.330021
0.245026
0.247699
0.333921
0.338697
0.267282
0.232008
0.306468
0.408767
0.368624
0.278652
0.201617
0.410767
0.241511
0.233652
0.168160
0.258484
0.265747
0.232822
0.212484
0.322454
0.271529
0.269163
0.351252
0.185435
0.441804
0.279117
0.322030
0.299812
0.440989
0.539237
0.328931
0.374563
0.305921
0.407842
0.355864
0.380987
0.301823
0.267433
0.305520
0.258143
0.400825
0.237514
0.426772
0.341996
0.377997
0.208919
0.325403
0.360093
0.386464
0.385464
0.274610
0.287679
0.243199
0.303373
0.320240
0.372131
0.188794
0.204796
0.400337
0.268409
0.438699
0.391674
0.309718
0.362495
0.359095
0.324808
0.240549
0.256537
0.286268
0.343679
0.312312
0.187632
0.296208
0.388969
0.608001
0.222799
0.278200
0.440682
0.298706
0.333615
0.398534
0.184783
0.358196
0.455149
0.280195
0.224418
0.362369
0.270760
0.364488
0.325822
0.375247
0.275399
0.307267
0.300133
0.203113
0.279449
0.405185
0.249803
0.297341
0.245532
0.226920
0.551925
0.219673
0.267119
0.308971
0.314711
0.330639
0.409544
0.220144
0.410590
0.271448
0.397580
0.279756
0.353142
0.340003
0.325511
0.286329
0.196811
0.293164
0.360055
0.255125
0.490970
0.330906
0.425590
0.313788
0.472147
0.330957
0.456647
0.341040
0.325818
0.243767
0.316165
0.262293
0.426801
0.229481
0.420239
0.390122
0.363884
0.272243
0.257406
0.388524
0.421510
0.279125
0.317071
0.367868
0.419639
0.184791
0.321852
0.262677
0.337920
0.277693
0.308015
0.199542
0.354239
0.192555
0.342734
0.405958
0.248398
0.435972
0.322463
0.294159
0.277837
0.414490
0.258434
0.258730
0.420072
0.337537
0.299461
0.221989
0.209706
0.375366
0.346698
0.404483
0.394794
0.475498
0.357215
0.444107
0.424160
0.379215
0.359296
0.473229
0.277867
0.263882
0.376314
0.303165
0.324164
0.363733
0.271774
0.273273
0.298692
0.348954
0.325544
0.247218
0.322131
0.456877
0.298142
0.254536
0.432883
0.506597
0.301520
0.363608
0.338077
0.305054
0.361648
0.263358
0.313017
0.313174
0.315865
0.494926
0.409492
0.302803
0.218168
0.364995
0.360001
0.446980
0.400462
0.147512
0.194429
0.435249
0.400422
0.246729
0.283943
0.297903
0.401386
0.345988
0.256088
0.464739
0.396432
0.320409
0.175869
0.492901
0.416812
0.284671
0.427326
0.256390
0.283871
0.324340
0.269824
0.315449
0.276290
0.212005
0.348252
0.296443
0.343227
0.300167
0.320719
0.383687
0.390796
0.324360
0.278964
0.229785
0.355113
0.367068
0.387331
0.277775
0.282779
0.282761
0.238249
0.281613
0.288601
0.278428
0.346850
0.203726
0.301592
0.228296
0.419030
0.363053
0.263170
0.517502
0.226256
0.375088
0.314350
0.408777
0.393239
0.351705
0.266276
0.333511
0.267904
0.292344
0.366532
0.499646
0.461561
0.262320
0.245926
0.215907
0.234668
0.262881
0.283169
0.215620
0.500766
0.341723
0.263674
0.279808
0.252194
0.367130
0.286177
0.177344
0.200431
0.365567
0.340687
0.227848
0.314017
0.372521
0.332694
0.293972
0.228860
0.272325
0.250096
0.271545
0.300032
0.280891
0.210588
0.235148
0.392365
0.264109
0.315138
0.393732
0.329664
0.311300
0.161829
0.260220
0.371172
0.285136
0.392973
0.255216
0.183910
0.225473
0.246614
0.230122
0.189761
0.343094
0.157117
0.227667
0.241351
0.233732
0.259924
0.193811
0.343827
0.244833
0.320092
0.367214
0.272985
0.243961
0.296078
0.404613
0.378002
0.202393
0.288078
0.148958
0.292600
0.194281
0.168795
0.353749
0.361669
0.248916
0.213266
0.214945
0.231978
0.184368
0.310941
0.478753
0.198708
0.381538
0.287441
0.363557
0.298278
0.319687
0.112652
0.334291
0.394430
0.275835
0.339071
0.307424
0.338026
0.253253
0.361911
0.305041
0.414152
0.260248
0.351962
0.252077
0.215510
0.249565
0.423652
0.461592
0.294078
0.364712
0.212137
0.212033
0.211702
0.285974
0.174834
0.354326
0.392012
0.260812
0.341099
0.356299
0.235479
0.274189
0.207629
0.369579
0.281346
0.343394
0.202744
0.385166
0.422776
0.272558
0.178161
0.221199
0.344649
0.249967
0.251054
0.253120
0.328331
0.335176
0.362327
0.274380
0.411167
0.153713
0.307559
0.325173
0.319653
0.303259
0.436511
0.291335
0.351094
0.190697
0.257350
0.324404
0.341126
0.393673
0.278278
0.377770
0.267872
0.301279
0.315773
0.380163
0.211674
0.348489
0.288355
0.319633
0.364917
0.248039
0.294497
0.294744
0.371628
0.261398
0.282630
0.381418
0.374891
0.338382
0.266038
0.385859
0.383487
0.296641
0.343943
0.285951
0.275435
0.358353
0.304281
0.334533
0.378529
0.268171
0.299771
0.240922
0.362314
0.216064
0.362610
0.464840
0.381633
0.227749
0.354560
0.230199
0.331617
0.264517
0.311828
0.192116
0.468025
0.432180
0.236522
0.165109
0.253360
0.494770
0.333335
0.402386
0.388085
0.381193
0.266333
0.434889
0.212674
0.347344
0.418343
0.251119
0.293945
0.402214
0.321154
0.361661
0.378192
0.299951
0.362262
0.277403
0.200301
0.307331
0.293815
0.230603
0.356648
0.293330
0.234563
0.215951
0.369405
0.238520
0.299393
0.356824
0.288266
0.254153
0.327612
0.274119
0.361148
0.248108
0.221749
0.257506
0.199988
0.213096
0.324635
0.170368
0.394065
0.350545
0.265888
0.380675
0.371234
0.336569
0.369630
0.227931
0.284640
0.387349
0.271661
0.205614
0.305051
0.222312
0.210141
0.212718
0.323606
0.273813
0.318122
0.259906
0.309758
0.243865
0.378374
0.241772
0.162428
0.167213
0.235577
0.428438
0.310150
0.220205
0.324627
0.384538
0.354776
0.244252
0.348647
0.245620
0.357908
0.276230
0.244728
0.309083
0.318989
0.310532
0.274440
0.230609
0.310240
0.306132
0.378622
0.228971
0.199631
0.230590
0.351001
0.288009
0.316143
0.526056
0.315289
0.160370
0.433900
0.386561
0.261265
0.380359
0.277704
0.315999
0.348595
0.337388
0.331518
0.256960
0.297304
0.308595
0.322529
0.357262
0.275015
0.339867
0.224187
0.366970
0.310031
0.239006
0.352966
0.327662
0.346140
0.258379
0.406483
0.416226
0.430387
0.344179
0.394740
0.466998
0.215847
0.307947
0.409377
0.196086
0.344372
0.288886
0.267187
0.410706
0.420725
0.272429
0.279766
0.385467
0.306263
0.301350
0.326948
0.258641
0.389448
0.379820
0.348538
0.319969
0.284741
0.385210
0.340193
0.266647
0.229935
0.263254
0.224594
0.270470
0.314253
0.303676
0.277463
0.348804
0.339004
0.275870
0.311372
0.249483
0.317899
0.419039
0.318674
0.300992
0.204638
0.292652
0.371311
0.289068
0.355685
0.367716
0.275232
0.253021
0.253563
0.305487
0.235199
0.197179
0.295534
0.292234
0.313750
0.278480
0.354554
0.243263
0.297906
0.291825
0.170105
0.314319
0.307642
0.206892
0.239818
0.283620
0.314905
0.242085
0.229989
0.321593
0.433156
0.344042
0.280609
0.318795
0.320990
0.267140
0.323143
0.238630
0.342107
0.229851
0.408304
0.179863
0.362064
0.270706
0.254090
0.222458
0.153219
0.207894
0.299047
0.351457
0.234586
0.152963
0.159473
0.364718
0.252341
0.336443
0.180224
0.186295
0.193854
0.296657
0.343831
0.235461
0.283028
0.193646
0.269714
0.166391
0.267955
0.246340
0.238781
0.163649
0.211407
0.279468
0.304877
0.440048
0.229957
0.232011
0.235887
0.240741
0.259650
0.271746
0.352430
0.138339
0.215368
0.285802
0.412698
0.384439
0.295312
0.307587
0.351739
0.216635
0.325050
0.270200
0.329054
0.346074
0.296520
0.247545
0.241230
0.290994
0.308717
0.128697
0.310486
0.182830
0.210472
0.227093
0.325485
0.272922
0.261104
0.194811
0.407906
0.260690
0.382677
0.301549
0.260308
0.229544
0.189935
0.262330
0.400420
0.164600
0.269626
0.305785
0.351620
0.311228
0.309721
0.308524
0.287367
0.314164
0.277150
0.328350
0.255304
0.289106
0.207247
0.271485
0.208676
0.228108
0.335821
0.294447
0.473813
0.368462
0.168557
0.300671
0.280303
0.276416
0.322384
0.296505
0.337898
0.395941
0.435773
0.320815
0.273505
0.206139
0.279624
0.376096
0.231157
0.251156
0.244344
0.260491
0.282109
0.334675
0.272843
0.258217
0.320892
0.272995
0.292859
0.256353
0.287097
0.220166
0.283985
0.393927
0.290732
0.242285
0.234454
0.312719
0.277323
0.340545
0.297236
0.230912
0.313740
0.231619
0.252894
0.245516
0.310663
0.312504
0.293646
0.151893
0.403054
0.223544
0.248916
0.339351
0.248849
0.198089
0.279240
0.155074
0.233945
0.242066
0.252991
0.261997
0.290608
0.307892
0.215390
0.298040
0.344467
0.262145
0.243638
0.574554
0.215044
0.241767
0.311796
0.383925
0.326696
0.302932
0.246024
0.346637
0.352471
0.250875
0.225542
0.229655
0.308117
0.327541
0.328577
0.300688
0.267454
0.365208
0.295877
0.234080
0.259471
0.260587
0.315725
0.456946
0.261508
0.165678
0.168428
0.469646
0.411144
0.257798
0.382338
0.309417
0.292871
0.232743
0.202991
0.270216
0.221813
0.292214
0.220251
0.275195
0.257485
0.181782
0.236533
0.323843
0.330526
0.200298
0.366885
0.343034
0.236419
0.258345
0.388335
0.302857
0.203072
0.217884
0.312678
0.269268
0.294662
0.243570
0.216420
0.234071
0.281395
0.164762
0.282404
0.251338
0.313541
0.192448
0.262295
0.217134
0.249040
0.356458
0.302104
0.282560
0.251748
0.274825
0.275425
0.236144
0.250004
0.367887
0.182069
0.383003
0.317601
0.223157
0.325990
0.348147
0.210956
0.198670
0.330160
0.262293
0.262061
0.403053
0.382147
0.250948
0.269963
0.274777
0.283084
0.287127
0.158662
0.339268
0.272661
0.239722
0.287844
0.315695
0.332820
0.248376
0.396219
0.201039
0.248247
0.304741
0.344788
0.430369
0.337486
0.298627
0.294145
0.336945
0.198512
0.211013
0.232523
0.267245
0.301125
0.270044
0.296871
0.339657
0.226378
0.289064
0.277883
0.215621
0.296413
0.293080
0.259261
0.221602
0.319992
0.227223
0.317664
0.226560
0.263918
0.267323
0.331004
0.227167
0.240744
0.331306
0.422593
0.362304
0.204409
0.326659
0.241997
0.440988
0.240460
0.312618
0.331915
0.176746
0.210432
0.344997
0.277004
0.391106
0.147623
0.265892
0.270989
0.226636
0.288703
0.197997
0.327985
0.400665
0.249285
0.183816
0.264387
0.289761
0.232927
0.309402
0.376806
0.258968
0.311047
0.200716
0.336228
0.306823
0.317007
0.274347
0.254925
0.358443
0.220792
0.414637
0.340714
0.188419
0.230026
0.288841
0.318114
0.281258
0.323822
0.261654
0.231911
0.354533
0.292299
0.270068
0.265937
0.404205
0.256070
0.365928
0.247259
0.277484
0.377528
0.395803
0.324011
0.311599
0.269939
0.429052
0.162859
0.354190
0.233615
0.170945
0.268473
0.157057
0.237093
0.243486
0.256983
0.263580
0.340615
0.229282
0.273944
0.173138
0.213732
0.423947
0.296697
0.283812
0.282133
0.226001
0.092968
0.295295
0.171524
0.515103
0.275131
0.172081
0.206742
0.384715
0.130565
0.307043
0.306590
0.205132
0.219340
0.196125
0.213664
0.275036
0.238244
0.314886
0.273753
0.343811
0.263609
0.229603
0.217737
0.160264
0.267449
0.339359
0.296785
0.175197
0.429248
0.156949
0.263859
0.182101
0.328303
0.317962
0.247257
0.246744
0.228271
0.344523
0.272677
0.212639
0.224184
0.267563
0.230772
0.199528
0.218235
0.251321
0.268261
0.214669
0.274893
0.183292
0.318845
0.232448
0.307918
0.143812
0.230828
0.346640
0.215269
0.191749
0.237383
0.310220
0.238542
0.279475
0.191219
0.236512
0.264199
0.147597
0.298677
0.171163
0.278297
0.312275
0.177126
0.231220
0.220442
0.371208
0.351485
0.204501
0.238024
0.242344
0.267360
0.371147
0.446808
0.241198
0.209644
0.223835
0.221954
0.290611
0.237166
0.300108
0.312211
0.260085
0.140451
0.357940
0.250538
0.300444
0.326716
0.282824
0.240884
0.244046
0.245499
0.259395
0.177932
0.319755
0.217804
0.252869
0.227994
0.211404
0.326629
0.239065
0.300016
0.418868
0.215950
0.176599
0.219796
0.220267
0.278929
0.208713
0.270590
0.240859
0.230128
0.314136
0.192335
0.248030
0.253476
0.204730
0.265115
0.290951
0.269518
0.190063
0.318386
0.322586
0.288478
0.309893
0.260959
0.237561
0.180047
0.352287
0.244931
0.201915
0.223686
0.190594
0.330292
0.242072
0.194356
0.177184
0.190961
0.257437
0.257591
0.276081
0.423426
0.373391
0.180914
0.238474
0.232515
0.263326
0.209063
0.242747
0.263529
0.209347
0.269390
0.336646
0.339519
0.387851
0.225206
0.184691
0.323909
0.168955
0.287870
0.268064
0.262375
0.259432
0.273487
0.183657
0.243683
0.279615
0.372832
0.267893
0.355055
0.246537
0.486645
0.372370
0.307496
0.231607
0.235242
0.233919
0.241042
0.323218
0.293230
0.169849
0.186465
0.306451
0.238894
0.250420
0.282401
0.325046
0.229239
0.184362
0.262354
0.273182
0.165025
0.229230
0.155845
0.238111
0.235518
0.241594
0.212224
0.284511
0.192952
0.159061
0.229159
0.335341
0.135772
0.239727
0.341494
0.300517
0.249633
0.223543
0.196499
0.274936
0.214119
0.337003
0.206276
0.250747
0.185157
0.247302
0.366237
0.271992
0.194989
0.321577
0.364668
0.258228
0.290797
0.269180
0.360444
0.367816
0.254682
0.333306
0.286318
0.209403
0.182908
0.312296
0.429743
0.274073
0.257048
0.212878
0.261882
0.359075
0.220302
0.253841
0.179954
0.311954
0.238888
0.209487
0.222167
0.261608
0.257810
0.164892
0.333740
0.234796
0.275059
0.310796
0.439122
0.273309
0.247454
0.233121
0.286583
0.214600
0.127662
0.284560
0.259894
0.260666
0.271059
0.307411
0.258837
0.158893
0.307385
0.227236
0.290374
0.215005
0.281542
0.266532
0.167136
0.367254
0.297670
0.361882
0.253633
0.226340
0.242678
0.457414
0.342075
0.221049
0.365818
0.299565
0.212632
0.420267
0.344115
0.200986
0.249021
0.217424
0.338673
0.299896
0.235916
0.264014
0.294324
0.372473
0.226020
0.434671
0.370332
0.315120
0.230961
0.204774
0.344417
0.302514
0.257733
0.345992
0.205273
0.374111
0.204150
0.301434
0.230348
0.182268
0.196419
0.199765
0.359481
0.292931
0.349187
0.256219
0.439889
0.234199
0.274667
0.241354
0.170651
0.235316
0.220015
0.357726
0.264545
0.209767
0.184569
0.287356
0.193244
0.300134
0.268422
0.351369
0.244305
0.208534
0.184338
0.296223
0.303665
0.318952
0.164590
0.196747
0.318461
0.318234
0.153205
0.164586
0.288934
0.250007
0.293943
0.346124
0.222635
0.162068
0.305346
0.317247
0.242641
0.195496
0.179205
0.239023
0.249014
0.370457
0.239979
0.317313
0.499885
0.206925
0.191482
0.279166
0.158444
0.259581
0.391529
0.382822
0.289836
0.349973
0.444618
0.243292
0.353473
0.116987
0.336933
0.201657
0.313785
0.263360
0.292639
0.204296
0.312458
0.272297
0.384960
0.265911
0.216221
0.199576
0.220982
0.206363
0.243519
0.366386
0.229834
0.201337
0.193600
0.198569
0.137467
0.183737
0.260309
0.202001
0.213228
0.111163
0.183424
0.185013
0.243723
0.171683
0.220287
0.227851
0.296597
0.224191
0.250273
0.276098
0.144722
0.188247
0.223258
0.147453
0.299802
0.300881
0.125543
0.205815
0.181565
0.217909
0.182234
0.248233
0.149541
0.222011
0.154563
0.172514
0.207936
0.294417
0.362975
0.171516
0.222949
0.194355
0.223481
0.163275
0.326120
0.233761
0.195143
0.203729
0.186685
0.162272
0.223663
0.269123
0.225667
0.137747
0.165992
0.204134
0.156404
0.156298
0.195586
0.313339
0.159783
0.212458
0.173315
0.215617
0.192586
0.162175
0.229797
0.285500
0.192664
0.322180
0.196870
0.239335
0.204485
0.275124
0.252218
0.198697
0.265499
0.242747
0.224340
0.321691
0.270379
0.351773
0.340152
0.352235
0.229362
0.266760
0.268793
0.356920
0.178243
0.141171
0.290365
0.303397
0.311789
0.254571
0.300742
0.194963
0.244388
0.199927
0.219847
0.148137
0.203135
0.170188
0.290606
0.286858
0.206710
0.315027
0.139216
0.298041
0.298900
0.310107
0.309919
0.152023
0.136955
0.196377
0.281050
0.215643
0.388659
0.331079
0.362295
0.324331
0.276291
0.311137
0.206699
0.234311
0.294075
0.374833
0.247311
0.218249
0.198682
0.241601
0.275123
0.297203
0.224132
0.322503
0.246169
0.164198
0.210932
0.194165
0.248251
0.246364
0.187627
0.259146
0.320156
0.317718
0.230294
0.285205
0.256874
0.242396
0.237872
0.286848
0.204550
0.356122
0.295270
0.312428
0.353551
0.211183
0.222938
0.240121
0.322948
0.164617
0.159428
0.223727
0.229895
0.265045
0.206138
0.373585
0.256724
0.319265
0.242991
0.423028
0.426684
0.314746
0.239865
0.254872
0.247024
0.359827
0.203218
0.327209
0.310437
0.264347
0.170525
0.304775
0.215288
0.352141
0.323616
0.259056
0.229521
0.306005
0.282438
0.172451
0.376751
0.198156
0.210641
0.241006
0.332316
0.235579
0.306833
0.178482
0.221391
0.366478
0.358807
0.408476
0.186523
0.189541
0.163970
0.203420
0.376305
0.282796
0.220465
0.298810
0.225322
0.301061
0.156707
0.333430
0.325820
0.271192
0.194076
0.295945
0.239306
0.291636
0.216459
0.225770
0.207291
0.373469
0.216321
0.283890
0.275963
0.179564
0.205391
0.218993
0.235935
0.281076
0.242117
0.344332
0.398647
0.206307
0.200010
0.249798
0.237338
0.215489
0.169653
0.215826
0.318920
0.269977
0.323192
0.353682
0.213909
0.219175
0.370919
0.265178
0.201644
0.285815
0.146472
0.213306
0.210668
0.308051
0.325518
0.212875
0.293749
0.303105
0.343756
0.205772
0.208199
0.255487
0.235461
0.267982
0.436249
0.263854
0.195312
0.231153
0.212114
0.161499
0.333466
0.244999
0.197868
0.227683
0.238856
0.209262
0.213870
0.197156
0.317818
0.325818
0.211639
0.302928
0.209024
0.292209
0.258001
0.269542
0.172538
0.153589
0.187535
0.298985
0.268568
0.292359
0.327343
0.173462
0.202339
0.173191
0.238937
0.246724
0.191539
0.273847
0.237565
0.323249
0.265976
0.247293
0.375025
0.246720
0.265149
0.231836
0.285027
0.180885
0.263562
0.280005
0.244511
0.244844
0.198362
0.312827
0.228795
0.268349
0.265889
0.383138
0.315292
0.309342
0.375135
0.254268
0.287166
0.262342
0.244465
0.204486
0.484676
0.425960
0.229505
0.365387
0.273780
0.399454
0.315722
0.226824
0.151048
0.199487
0.291376
0.330824
0.261450
0.461172
0.318249
0.267336
0.133210
0.225738
0.216187
0.397882
0.128382
0.283839
0.400257
0.109004
0.208263
0.345787
0.155389
0.150104
0.331042
0.205661
0.205535
0.195732
0.202954
0.201042
0.236241
0.175722
0.275827
0.171164
0.196001
0.232514
0.334439
0.192586
0.194491
0.211168
0.123348
0.145619
0.211412
0.284788
0.381828
0.268526
0.283160
0.298372
0.268918
0.247355
0.222189
0.262171
0.169623
0.244516
0.173211
0.242310
0.269126
0.322480
0.144658
0.191340
0.241291
0.152172
0.170519
0.370259
0.159131
0.166996
0.153322
0.265285
0.198471
0.289852
0.155095
0.131949
0.176683
0.130112
0.239652
0.184560
0.396733
0.160792
0.242641
0.283966
0.165606
0.119833
0.262050
0.278600
0.212841
0.301695
0.199135
0.154156
0.308045
0.275042
0.167519
0.160457
0.213597
0.174916
0.224502
0.233609
0.141929
0.326434
0.203864
0.228454
0.191583
0.298426
0.349159
0.217147
0.231713
0.167326
0.199478
0.150472
0.173012
0.157399
0.165650
0.213139
0.267940
0.142200
0.248762
0.301273
0.261055
0.298338
0.346724
0.165353
0.261276
0.174226
0.291434
0.197811
0.235161
0.128657
0.170480
0.381076
0.209196
0.316221
0.397510
0.193292
0.319193
0.130269
0.110973
0.141262
0.201507
0.267658
0.138150
0.363753
0.169383
0.188017
0.295936
0.185478
0.210221
0.216832
0.396058
0.186706
0.215099
0.309042
0.263397
0.320124
0.181310
0.283275
0.267647
0.135898
0.201424
0.238096
0.214585
0.245721
0.163594
0.226960
0.267017
0.165585
0.206514
0.218927
0.185414
0.168272
0.293266
0.212464
0.242669
0.191841
0.200309
0.177623
0.208990
0.305122
0.226429
0.120506
0.241253
0.145571
0.312983
0.228538
0.161150
0.279863
0.248060
0.159132
0.227490
0.212064
0.296210
0.238874
0.217170
0.357804
0.124936
0.334699
0.156856
0.132627
0.215415
0.306632
0.344099
0.181095
0.198793
0.202339
0.226457
0.260848
0.217743
0.225614
0.153812
0.217434
0.242062
0.355560
0.137828
0.213364
0.243448
0.322490
0.135298
0.317389
0.191681
0.261048
0.261099
0.164373
0.273326
0.224870
0.167953
0.349682
0.335103
0.175255
0.233289
0.317524
0.224086
0.336096
0.269877
0.213501
0.340511
0.176743
0.220798
0.176128
0.245991
0.206186
0.231324
0.230244
0.205348
0.215537
0.303202
0.253710
0.239252
0.180112
0.134411
0.192782
0.214263
0.195362
0.328174
0.264797
0.234043
0.211642
0.284832
0.348749
0.279296
0.211110
0.183773
0.135863
0.227262
0.359245
0.217436
0.247333
0.246795
0.235382
0.283266
0.236250
0.157649
0.149884
0.254657
0.354015
0.320729
0.158537
0.253865
0.240750
0.169020
0.182706
0.392902
0.219588
0.173324
0.218343
0.347096
0.235578
0.268354
0.251510
0.340966
0.417216
0.122745
0.300105
0.129815
0.215956
0.186631
0.280982
0.340208
0.244293
0.309214
0.286447
0.167464
0.270250
0.340834
0.340823
0.251032
0.199489
0.208216
0.296825
0.290641
0.245220
0.157257
0.234489
0.218215
0.322295
0.261533
0.238875
0.163308
0.169238
0.283098
0.258504
0.342103
0.166893
0.204931
0.314031
0.314871
0.202538
0.203667
0.259830
0.193291
0.125586
0.180536
0.362132
0.243907
0.255916
0.290235
0.209004
0.264565
0.236567
0.223830
0.311260
0.340849
0.212735
0.219286
0.257529
0.250507
0.254066
0.197896
0.188681
0.220616
0.178291
0.237491
0.252005
0.204247
0.265556
0.284808
0.265406
0.237216
0.216585
0.138416
0.305316
0.254330
0.249553
0.290173
0.193404
0.218542
0.331683
0.267663
0.285749
0.244167
0.268921
0.319442
0.187215
0.228525
0.275821
0.218516
0.223050
0.161202
0.277465
0.168455
0.274258
0.193350
0.252517
0.257589
0.226245
0.246827
0.308545
0.264732
0.147475
0.415620
0.158591
0.322124
0.205583
0.444153
0.169813
0.209692
0.196979
0.213685
0.218899
0.142245
0.269728
0.126228
0.266157
0.292644
0.410133
0.240891
0.257394
0.187831
0.222933
0.255158
0.502412
0.237244
0.177049
0.187676
0.315327
0.306909
0.208098
0.278436
0.369830
0.286551
0.282834
0.127449
0.255213
0.204602
0.295248
0.129121
0.186279
0.131947
0.171408
0.224712
0.189186
0.176242
0.152879
0.225875
0.210312
0.220534
0.344051
0.204272
0.183000
0.155455
0.187344
0.262596
0.098733
0.204048
0.241347
0.188277
0.124667
0.138569
0.176078
0.155176
0.121492
0.214515
0.190129
0.191113
0.140246
0.188680
0.141038
0.179403
0.099885
0.294297
0.327876
0.076628
0.201653
0.141457
0.271916
0.174584
0.254016
0.225098
0.276029
0.138328
0.177463
0.158388
0.254173
0.127661
0.192864
0.216183
0.237970
0.195715
0.167872
0.165680
0.175535
0.300593
0.094141
0.112635
0.204822
0.331116
0.169998
0.188713
0.151065
0.244304
0.121454
0.355063
0.246068
0.198844
0.151379
0.302931
0.251600
0.123139
0.190144
0.199557
0.254827
0.238542
0.290945
0.196838
0.206537
0.219386
0.167749
0.154800
0.238089
0.380787
0.236000
0.163622
0.186460
0.294641
0.178763
0.149549
0.175279
0.219210
0.158686
0.215874
0.142021
0.186465
0.223614
0.175059
0.170292
0.319837
0.245535
0.197987
0.313060
0.239981
0.232399
0.223962
0.178401
0.109617
0.196299
0.264853
0.122147
0.141396
0.135260
0.169944
0.266285
0.153921
0.189021
0.294754
0.193988
0.169614
0.182229
0.222630
0.279964
0.289720
0.180308
0.254492
0.344624
0.485199
0.133378
0.192074
0.207686
0.221978
0.194974
0.121361
0.183088
0.270074
0.142553
0.190457
0.252545
0.267519
0.184455
0.149691
0.132188
0.246562
0.233166
0.221148
0.324661
0.239030
0.199035
0.339686
0.224918
0.261694
0.143536
0.228562
0.162689
0.195137
0.186483
0.178595
0.359338
0.173412
0.177423
0.224493
0.228056
0.201464
0.210356
0.172095
0.265492
0.281085
0.185752
0.223074
0.237916
0.235274
0.253979
0.223846
0.333300
0.103266
0.228403
0.177141
0.274645
0.260793
0.147218
0.217922
0.307549
0.163222
0.248081
0.224701
0.240535
0.241860
0.151407
0.235242
0.201497
0.145514
0.260908
0.218214
0.286754
0.163607
0.261595
0.131891
0.399780
0.222661
0.144525
0.205148
0.181482
0.150602
0.225480
0.200858
0.281718
0.182233
0.302322
0.298134
0.209901
0.126795
0.223627
0.213319
0.093434
0.169932
0.147323
0.137667
0.204527
0.315662
0.304004
0.216975
0.093010
0.203839
0.278107
0.207227
0.190545
0.167272
0.251602
0.223908
0.174338
0.292914
0.225844
0.149219
0.134647
0.251108
0.260160
0.229837
0.309650
0.198678
0.339804
0.299001
0.246011
0.258012
0.248243
0.199341
0.231552
0.138762
0.131328
0.231324
0.226519
0.284130
0.267532
0.264736
0.205958
0.234429
0.360356
0.285911
0.169178
0.255494
0.228269
0.151368
0.248355
0.268148
0.241465
0.194489
0.202841
0.210475
0.234128
0.250497
0.229384
0.197717
0.258096
0.206111
0.240019
0.268180
0.206878
0.181921
0.200101
0.295856
0.328123
0.148917
0.278059
0.207177
0.140044
0.129982
0.173654
0.225575
0.190253
0.190428
0.330929
0.204530
0.271889
0.153041
0.168767
0.275108
0.236968
0.140586
0.179512
0.287023
0.205144
0.330344
0.283053
0.242281
0.329725
0.117158
0.207477
0.252233
0.134817
0.181598
0.194439
0.222504
0.364723
0.137956
0.323620
0.240012
0.303229
0.220309
0.137065
0.185040
0.243307
0.285689
0.128713
0.200697
0.159849
0.403199
0.367700
0.218094
0.319301
0.192985
0.293627
0.153054
0.146311
0.246751
0.397046
0.230601
0.237759
0.164640
0.210626
0.264655
0.299696
0.309979
0.330499
0.211911
0.176698
0.248051
0.256101
0.299206
0.283303
0.177123
0.233637
0.183049
0.152701
0.205295
0.276897
0.229029
0.311882
0.263237
0.216317
0.226493
0.148421
0.206780
0.272117
0.123501
0.158048
0.321139
0.284600
0.119911
0.205547
0.132558
0.206259
0.377775
0.242263
0.148541
0.302326
0.244507
0.272432
0.142018
0.306842
0.202373
0.257377
0.180949
0.252971
0.198802
0.204437
0.189025
0.097926
