2.302972
2.301633
2.302028
2.298634
2.300886
2.296294
2.297697
2.296867
2.280333
2.284811
2.278219
2.271594
2.251312
2.232047
2.220361
2.175238
2.157786
2.128361
2.094954
2.194077
2.191359
2.075660
2.194374
2.174579
2.093973
2.188031
2.067627
2.087382
2.057483
2.016818
2.108719
2.106414
2.064289
2.113968
2.005210
1.956425
2.234333
1.983026
2.082309
2.005188
2.049473
1.999660
2.014752
2.105003
1.976828
2.034645
1.965866
2.025535
1.927245
1.944723
1.995997
1.942486
1.888335
1.999864
2.153243
1.955070
1.987617
2.037218
1.956959
2.025160
1.958252
2.001114
1.967287
1.978851
1.836707
2.027690
2.028618
1.989134
2.047789
1.984564
1.962469
2.124459
2.013305
2.012017
1.914843
1.998114
1.919414
1.897470
1.893988
1.949461
1.959944
1.840505
1.918204
1.910526
1.876976
2.028577
1.983183
1.917396
1.859380
1.793200
1.906836
1.853116
1.869344
1.859590
1.820494
1.885558
1.937556
1.774284
1.789520
1.869995
1.891236
1.821765
1.784648
1.865460
1.854770
1.809349
1.891502
1.785860
1.849178
1.824242
1.802357
1.826389
1.836236
2.035719
1.693727
1.836026
1.804164
1.852282
1.845249
1.888044
1.786149
1.900806
1.903988
1.760460
1.928226
1.867178
1.928858
1.872627
1.864840
1.805532
1.861068
1.714308
1.822336
1.797767
1.697899
1.734936
1.814574
1.753219
1.780902
1.736268
1.871467
1.745925
1.766568
1.674265
1.671415
1.876070
1.705230
1.842237
1.706791
1.827816
1.956032
1.737188
1.899390
1.909000
1.753662
1.756968
1.878168
1.789698
1.855431
1.803954
1.777850
1.854101
1.814407
1.733117
1.899240
1.763207
1.729543
1.862375
1.796795
1.872353
1.777828
1.750313
1.726588
1.753143
1.837710
1.698101
1.754394
1.514864
1.612252
1.738313
1.609959
1.904431
1.751048
1.715211
1.716471
1.654135
1.616986
1.705835
1.695719
1.692568
1.841873
1.748795
1.802576
1.592214
1.639712
1.646620
1.771740
1.718014
1.533815
1.641181
1.644891
1.596756
1.858997
1.646982
1.656504
1.664612
1.589328
1.487167
1.779060
1.775311
1.575741
1.664486
1.604594
1.723584
1.665057
1.627561
1.587965
1.755395
1.744183
1.771330
1.784052
1.673655
1.645656
1.604620
1.659864
1.587802
1.706630
1.709831
1.669760
1.694046
1.642151
1.819718
1.674398
1.612445
1.772996
1.670610
1.484882
1.614701
1.480078
1.738441
1.597038
1.625593
1.689302
1.517250
1.621418
1.497967
1.551253
1.476766
1.617288
1.530274
1.555065
1.561654
1.664070
1.641115
1.730980
1.711884
1.498206
1.477489
1.680440
1.600090
1.648787
1.561862
1.630906
1.570956
1.789025
1.586911
1.631229
1.774054
1.679667
1.556459
1.349260
1.536723
1.762534
1.602899
1.571485
1.585170
1.561157
1.587859
1.573019
1.490723
1.630122
1.625768
1.448553
1.484858
1.645580
1.687574
1.645591
1.815211
1.754068
1.510531
1.582538
1.600117
1.671141
1.598170
1.666124
1.664704
1.607333
1.598158
1.671864
1.759374
1.576059
1.680247
1.920366
1.586918
1.654828
1.865377
1.624305
1.615064
1.592245
1.655705
1.487563
1.678812
1.689632
1.547379
1.704319
1.592732
1.534380
1.520935
1.862362
1.815494
1.554479
1.570972
1.530293
1.738228
1.685100
1.653924
1.500387
1.788854
1.641746
1.436577
1.591060
1.674645
1.523979
1.524298
1.560304
1.484078
1.674203
1.553703
1.428252
1.462993
1.531228
1.608267
1.554819
1.395024
1.540629
1.732292
1.499901
1.476531
1.533445
1.476353
1.378416
1.636723
1.458790
1.749974
1.621119
1.510769
1.451001
1.510016
1.499403
1.566716
1.534791
1.466861
1.544576
1.408029
1.477650
1.569373
1.544940
1.653771
1.581159
1.422454
1.463661
1.557009
1.588159
1.566657
1.576169
1.543440
1.657984
1.523144
1.606915
1.378957
1.407704
1.434117
1.403557
1.361461
1.400059
1.526142
1.500652
1.558653
1.602767
1.288909
1.678103
1.521601
1.696459
1.265499
1.508400
1.420465
1.525694
1.603211
1.505731
1.524436
1.539778
1.445674
1.488329
1.629630
1.559740
1.452465
1.543826
1.429917
1.533205
1.516189
1.410070
1.604337
1.415767
1.539626
1.450943
1.680814
1.452960
1.414216
1.336554
1.526176
1.382340
1.336223
1.601661
1.430234
1.360484
1.631891
1.544449
1.566607
1.476724
1.520683
1.326713
1.612819
1.643225
1.508048
1.466926
1.585348
1.600705
1.415311
1.484818
1.620579
1.566240
1.557619
1.484970
1.540400
1.565627
1.472180
1.490362
1.375700
1.441214
1.427360
1.502374
1.524141
1.424880
1.507359
1.725231
1.438331
1.650380
1.569297
1.634103
1.390893
1.420193
1.498484
1.367254
1.528712
1.386912
1.479618
1.519485
1.455134
1.344846
1.394384
1.445852
1.383527
1.456661
1.320971
1.428951
1.424641
1.208130
1.423126
1.582347
1.609295
1.502486
1.472048
1.366050
1.342462
1.600834
1.367462
1.438728
1.474410
1.435245
1.625099
1.575192
1.353705
1.452911
1.499529
1.491842
1.435075
1.518226
1.594020
1.385150
1.344218
1.501231
1.431650
1.492830
1.477799
1.538709
1.319716
1.469359
1.401433
1.503105
1.373684
1.260319
1.312273
1.465939
1.241309
1.471864
1.360595
1.368896
1.300383
1.517974
1.392190
1.451720
1.364803
1.642932
1.325615
1.223259
1.380236
1.379175
1.300919
1.417073
1.478396
1.440357
1.379165
1.463000
1.514928
1.306449
1.311694
1.434695
1.344151
1.521690
1.561969
1.564709
1.314072
1.357898
1.401346
1.488668
1.584759
1.229504
1.558487
1.426859
1.397967
1.267400
1.521078
1.386843
1.400813
1.492766
1.349988
1.439926
1.417667
1.549447
1.387409
1.496985
1.393349
1.401115
1.513826
1.377538
1.479108
1.363258
1.391721
1.358369
1.460066
1.534484
1.490759
1.405065
1.338222
1.460057
1.480023
1.305365
1.439352
1.371834
1.508326
1.388592
1.376500
1.123754
1.380340
1.496056
1.461855
1.460547
1.357872
1.428778
1.333749
1.321987
1.509642
1.447174
1.482513
1.299978
1.404851
1.470951
1.542882
1.385875
1.494001
1.305304
1.352198
1.508617
1.308750
1.424344
1.473940
1.376098
1.403143
1.422708
1.416774
1.436529
1.311962
1.173573
1.431370
1.410330
1.370462
1.379261
1.218945
1.087352
1.427292
1.168628
1.598188
1.385623
1.449078
1.307534
1.379337
1.367229
1.322033
1.440772
1.418181
1.373076
1.412706
1.319738
1.388826
1.301800
1.244380
1.361190
1.149842
1.273679
1.295715
1.376844
1.257242
1.391368
1.518624
1.210937
1.350363
1.262575
1.396178
1.346369
1.256463
1.330181
1.274664
1.382711
1.433132
1.251476
1.348199
1.298286
1.383106
1.224016
1.210974
1.356990
1.371004
1.223025
1.363051
1.314365
1.254141
1.397312
1.234930
1.352546
1.384532
1.200888
1.394503
1.375385
1.391214
1.450922
1.471946
1.389787
1.302890
1.180936
1.493248
1.496689
1.330568
1.447563
1.365903
1.234168
1.322233
1.328533
1.416143
1.263085
1.241080
1.606309
1.172013
1.350155
1.315856
1.536469
1.236923
1.260683
1.511734
1.514714
1.426097
1.301412
1.516128
1.617423
1.303433
1.344081
1.512491
1.338635
1.254514
1.275004
1.375813
1.244391
1.368282
1.290822
1.452010
1.265587
1.406538
1.211199
1.224173
1.298070
1.325693
1.271601
1.235471
1.291812
1.296957
1.489424
1.300044
1.328181
1.358248
1.375566
1.343665
1.397230
1.218514
1.352750
1.400766
1.331079
1.558802
1.295622
1.296200
1.281070
1.325322
1.429811
1.363748
1.398128
1.243938
1.502151
1.286105
1.391081
1.347710
1.282268
1.368615
1.324500
1.406637
1.269741
1.409421
1.438173
1.195192
1.122954
1.274929
1.449744
1.259004
1.191056
1.269793
1.295156
1.336906
1.329480
1.336175
1.145918
1.247259
1.370890
1.204459
1.211638
1.295414
1.376542
1.174791
1.309874
1.455890
1.374743
1.323439
1.170012
1.340156
1.441032
1.323727
1.417410
1.524582
1.313805
1.266260
1.306129
1.451293
1.374476
1.305625
1.234063
1.249550
1.336893
1.309243
1.387112
1.130274
1.269451
1.190737
1.262023
1.115970
1.178468
1.159453
1.086406
1.308088
1.316527
1.459274
1.403447
1.243268
1.348769
1.352255
1.240042
1.103499
1.200967
1.291706
1.524538
1.165918
1.205436
1.308873
1.187891
1.344638
1.212690
1.252656
1.301334
1.308628
1.300485
1.289315
1.210902
1.329699
1.214601
1.389508
1.337996
1.221885
1.415178
1.323127
1.149188
1.182005
1.262094
1.372247
1.245778
1.217677
1.294022
1.293231
1.266829
1.269828
1.223359
1.274158
1.340751
1.353191
1.246556
1.349753
1.266717
1.237053
1.309369
1.375869
1.261697
1.332854
1.272209
1.293359
1.349535
1.338376
1.222032
1.194613
1.272306
1.319423
1.157598
1.207651
1.415497
1.187662
1.323136
1.486075
1.275098
1.156257
1.247959
1.166297
1.257676
1.341267
1.191106
1.353145
1.351532
1.231160
1.256161
1.323298
1.352906
1.175558
1.082861
1.142435
1.221698
1.055068
1.334904
1.364728
1.334069
1.393209
1.325176
1.164984
1.177607
1.344015
1.341371
1.355133
1.385864
1.188430
1.223676
1.121635
1.345916
1.402242
1.165247
1.268916
1.162866
1.165556
1.119991
1.169283
1.255677
1.626877
1.175324
1.073892
1.172709
1.132577
1.363375
1.215955
1.503877
1.284347
1.188462
1.322173
1.044809
1.286787
1.142266
1.357435
1.295495
1.255681
1.235307
1.225664
1.235442
1.294025
1.224957
1.080601
1.078626
1.296300
1.310418
1.227869
1.244838
1.141545
1.124668
1.118294
1.230718
1.144162
1.190165
1.291476
1.164825
1.251699
1.154992
1.261177
1.365443
1.241969
1.083405
1.294956
1.287509
1.262869
1.266152
1.157858
1.192330
1.279780
1.197750
1.202774
1.137149
1.258043
1.250304
1.247941
1.015551
1.271011
1.128416
1.387600
1.300917
1.138832
1.090715
1.128664
1.187457
1.228272
1.333253
1.331838
1.186344
1.236243
1.193954
1.062413
1.077732
1.106191
1.377931
1.165125
1.375934
1.380783
1.290291
1.379924
1.245186
1.223077
1.222924
1.223161
1.269595
1.188574
1.231903
1.320572
1.119490
1.190166
1.128659
1.064327
1.281490
1.127401
1.041420
1.160779
1.336036
1.254888
1.140486
1.276988
1.141859
1.050027
1.027135
1.119114
1.148458
1.277680
1.101100
1.295432
1.257842
1.179034
1.214426
1.294967
0.956619
1.102754
1.300300
1.297792
1.250896
1.204783
1.034472
1.110994
1.271474
1.137499
1.114946
1.006725
1.082753
1.247856
1.102796
1.074457
1.104964
1.204113
1.311751
1.187894
0.937266
1.395780
1.100109
1.243458
1.183709
1.161784
1.180460
1.118849
1.268757
1.192234
1.081547
1.274302
1.178581
1.330534
0.992099
1.155087
1.191018
1.120150
1.098172
1.240387
1.043949
1.179628
1.341757
1.255429
1.261243
1.176717
1.233974
1.257160
1.075497
1.294636
1.254756
1.071850
1.165707
1.005627
1.114028
1.255926
1.000431
1.058951
1.094416
1.256772
1.008914
1.117144
1.289167
1.223420
1.088060
1.266837
1.207655
1.068749
1.142268
1.219935
1.146700
1.033066
1.147627
1.043361
1.229725
1.077592
1.098504
1.074490
1.318619
1.380024
1.119703
1.053520
1.105172
1.214492
1.071077
1.102063
1.257350
1.072953
1.155219
1.320226
1.046348
1.176882
1.019929
1.234007
1.228155
1.048418
1.203001
1.113850
1.061831
1.167257
1.017803
1.372888
1.281521
1.305363
1.362889
1.246966
1.336386
1.161099
1.167538
1.331017
1.354413
1.224919
1.243613
1.151433
1.102016
1.220387
1.147541
1.156815
1.092983
1.084458
1.419484
1.253917
1.029894
1.224055
1.151368
1.082988
1.182780
1.007063
1.067357
1.123639
1.111446
1.341160
1.189908
1.154416
1.138713
1.045231
1.041622
1.189078
1.024000
1.119968
1.134590
0.895106
1.053327
1.085949
1.108667
1.091081
1.133508
1.259447
1.067942
1.197381
1.005264
1.048657
1.125347
1.166416
1.236909
1.184443
1.168947
1.129960
1.067258
1.100363
1.251328
1.263304
1.051001
1.116238
1.096488
0.990545
1.383048
1.086478
1.204844
0.965602
1.301391
1.388619
1.098592
1.041501
1.203634
1.072564
0.947468
1.057246
1.016757
0.893139
1.182002
1.115217
1.100983
1.165304
1.234069
1.004259
1.045596
0.983024
1.192026
1.180673
1.062410
0.963023
1.071566
1.073708
1.211834
1.077657
1.168249
1.013425
1.050241
1.180977
0.921703
1.234192
1.193223
1.157390
1.235164
1.097964
0.959448
1.056826
1.333838
1.170963
1.091968
1.143401
1.083226
1.100299
1.180684
1.186661
1.261207
1.124066
1.039209
1.054136
1.050092
1.016790
1.096408
0.973820
1.128015
1.280347
0.967086
1.296512
0.931655
1.145588
1.131058
1.014190
1.132914
1.083430
1.136981
1.196375
1.125943
1.053919
1.093771
1.174701
0.963730
1.112456
1.273405
0.828816
1.106461
1.206888
1.042349
1.199441
1.089814
1.066693
1.037992
1.141383
0.992285
1.128053
1.128542
1.129901
1.104229
1.339902
1.165814
0.996710
1.081845
1.058618
1.146011
1.050719
1.152042
1.139678
1.067885
1.130165
1.149089
1.195173
1.242541
1.070256
1.340855
1.143792
1.173516
0.883393
1.389028
1.101681
0.997386
1.007328
1.020700
1.010456
1.052649
0.980191
1.084392
1.084580
1.054973
0.944048
0.991485
1.011773
1.012043
0.986779
0.977077
1.071616
1.056866
1.087795
1.249223
1.100439
1.238350
1.060435
1.073555
1.212426
1.210099
1.058818
1.025182
1.094643
1.143038
1.050722
1.205603
1.161318
1.189929
1.055019
1.092226
1.151290
1.176154
1.180784
1.248010
1.091643
1.032845
1.082278
1.085244
1.188861
1.103407
1.027569
1.247099
1.156403
0.951786
0.983558
1.062969
1.122201
0.950858
1.204188
0.991785
1.040475
0.982104
1.024063
0.978931
0.975210
1.040803
1.077268
1.134382
1.052099
1.102273
1.222501
1.017449
0.953559
0.948593
1.052539
1.129334
1.197751
1.135543
1.019115
1.182302
1.001008
1.138126
1.202501
1.159962
1.140682
1.119848
1.126955
1.039367
1.111687
1.195823
1.060545
1.005912
0.990344
1.141994
1.023240
0.997814
1.028206
1.141932
1.099335
1.208853
1.276229
1.142478
1.005113
0.991848
1.097583
1.118464
1.197098
1.088282
1.190413
1.082984
0.988974
1.076106
0.936045
1.050656
1.094023
0.927538
0.979226
1.175976
1.139677
1.162668
1.180200
1.206604
1.086530
0.845443
1.028276
1.128618
1.075336
1.025300
1.003209
1.188057
1.098577
1.117260
1.105954
1.049017
1.131307
1.099975
1.034872
1.082922
1.150701
1.197210
0.980857
0.873628
0.945727
1.090735
1.047980
1.058282
1.195818
1.075292
1.094003
1.064031
0.938594
1.015613
0.984465
1.194939
0.940051
0.969781
0.986582
0.996548
0.984263
1.049856
1.095970
1.056273
1.003221
0.932776
1.046488
1.077211
0.973767
1.167303
1.110805
1.036715
1.145521
1.116252
1.111208
0.993660
0.954555
1.017493
1.033179
1.051620
0.982294
0.934602
1.332174
1.103770
1.059593
1.004968
1.020813
1.165310
1.080553
1.105671
1.016464
0.975240
1.021341
0.851796
1.062938
0.993100
1.077377
1.011644
0.912744
1.288265
1.058074
1.062284
0.986154
1.044458
1.016635
1.004875
0.951839
1.122997
0.942876
1.000800
1.050295
1.025833
1.129637
1.072867
0.966487
1.151799
0.965294
0.943417
0.997922
1.068983
1.092157
1.049855
1.182899
1.095516
0.885234
1.221967
1.065761
1.057420
1.093672
1.115931
1.221021
1.061455
1.003072
1.168437
1.015595
1.227923
1.009045
1.039759
0.958332
1.059182
1.058831
0.897885
1.016648
0.834919
0.887711
0.948534
1.216848
0.976996
1.150984
1.171307
1.173308
1.046898
1.262965
0.988924
1.019498
1.005356
0.934932
0.899406
0.924304
0.843843
1.164032
1.210891
0.990824
1.047387
1.157878
1.020385
1.040446
0.890634
1.149277
1.234152
0.988642
0.990792
0.879107
1.079856
0.955395
1.026899
0.964047
0.988531
0.950554
1.130421
0.851789
1.022788
1.071265
0.964174
0.889118
0.899988
1.092345
0.930389
1.140749
0.894410
0.948317
1.066747
1.028824
0.924926
1.124961
0.857592
1.012253
1.043993
0.948633
1.099073
1.238618
1.051182
1.129446
1.032557
1.075465
0.959880
0.947219
0.953003
0.905175
0.929154
0.966956
1.057768
1.120060
1.031966
0.968941
1.060938
1.003590
0.956482
1.043722
0.963636
0.997365
0.970284
0.951929
0.885537
0.793959
0.926148
0.936429
0.986397
0.894400
0.921966
1.149279
0.932221
1.047836
0.986082
1.038342
0.953014
0.851824
1.031366
1.027444
0.949312
0.988810
1.248704
1.076843
0.883755
1.005398
1.060054
1.093110
0.857130
1.034301
1.017440
1.110565
1.009648
0.949578
0.823319
1.099581
1.347743
1.083145
1.037391
0.978898
1.090780
1.079247
0.925453
1.076881
1.024207
0.995061
1.056474
1.145069
1.193792
0.984561
1.027748
0.980505
1.043941
0.851341
0.800781
1.017580
1.059159
0.864224
0.978232
0.986679
0.919019
1.013074
1.031178
1.022106
1.251172
1.085944
0.862818
0.830832
1.110212
0.954255
0.999646
0.805345
0.816417
0.946873
1.081141
0.942446
0.936564
0.998312
0.851476
1.067971
1.014133
0.764494
0.952276
1.021075
0.862653
0.970103
1.094457
0.948345
0.904801
0.951353
0.887953
0.919801
0.960964
0.805050
0.979226
1.024097
1.183470
0.963827
1.007903
0.929558
0.992899
0.928111
1.048883
1.079306
0.840081
0.947427
0.939425
1.004822
1.073278
1.030752
0.994842
0.920510
0.864806
0.957513
1.028428
0.849663
0.974435
0.872853
0.938678
0.927920
0.841637
1.086606
1.099046
1.007205
0.942227
0.925991
0.810072
0.804849
1.155011
0.787018
0.993896
0.864144
0.817245
1.034823
1.242499
1.121416
0.960885
0.992887
1.087338
1.043268
1.026583
1.053292
1.124593
1.153791
0.964264
1.093033
1.025176
1.140519
1.010065
0.994062
1.084407
1.062973
0.909527
0.938807
1.113932
1.040328
1.035989
0.900846
0.878165
0.850118
1.052888
1.114679
1.023815
0.914747
0.856537
0.997411
0.931708
0.908009
1.108463
1.021863
1.000115
1.006195
1.103609
0.998935
1.008604
0.840950
1.028460
1.129220
0.889451
1.037098
0.910284
0.907277
0.886464
0.832062
0.997703
0.820472
1.047846
1.031388
0.872693
0.794143
0.845135
0.967391
0.959989
1.070665
1.003348
1.000909
0.930717
0.775015
1.109003
0.930208
1.009548
1.002852
1.247322
0.951418
0.967140
1.072578
1.004486
0.914867
0.973178
1.063485
0.875360
0.987207
0.898504
0.876499
0.955683
0.883168
0.917272
0.817885
1.068373
0.952985
0.943311
0.957467
0.988362
1.046069
0.789373
0.780123
1.042421
1.045559
0.881136
0.975614
0.933333
0.824040
0.974190
1.075725
0.911904
1.026152
0.762293
0.996201
1.033726
0.896488
0.885023
0.858548
0.913104
0.890851
1.048215
0.738023
0.985654
1.126310
1.197667
0.813520
0.968615
1.097888
0.956191
0.868196
1.042259
1.095497
0.881311
0.918908
0.891324
1.053617
1.182750
0.931607
0.995388
0.915123
0.862110
0.976846
0.957662
0.962773
1.021503
0.953355
0.919101
0.913920
0.785849
1.054567
0.816717
0.968532
0.942128
1.000516
0.844608
0.824962
0.834524
0.887901
1.168157
0.839569
0.896190
0.725815
0.916911
1.063532
0.828147
0.999200
0.924416
0.946036
0.896051
1.108770
0.738051
0.947172
0.897963
0.811169
0.899300
0.977778
1.195526
0.990778
0.902567
1.016278
1.038633
0.914959
0.928271
1.113710
0.872329
0.854821
0.838555
0.853723
0.967144
0.989537
0.907976
0.809386
0.926565
1.154302
1.018307
0.926049
1.024474
0.925023
1.155402
0.798894
0.995606
0.873975
0.792552
0.745394
1.030799
0.991907
0.872942
0.903813
1.129642
0.835490
0.940102
0.998622
0.984144
0.787308
0.863319
0.954882
0.934975
0.805724
0.904333
1.022101
1.069246
0.856968
0.880316
0.856017
0.949359
0.888589
0.859898
1.051782
0.859285
1.149730
0.917825
0.950627
0.954302
0.882894
1.003501
0.844823
1.215130
0.870695
0.987568
0.913254
1.122526
0.907028
0.857155
0.938932
0.858996
0.893451
0.756495
0.771448
0.749089
0.920838
0.890835
0.872194
0.946906
0.971541
0.789038
0.893716
0.971798
0.986807
0.972541
0.914846
0.880217
0.890450
0.936429
0.970698
0.941882
0.909966
0.966446
1.012989
0.946067
0.893911
1.048202
0.757685
0.885471
0.853245
0.906714
0.883183
0.940906
0.870184
0.865309
0.791491
0.939511
0.744418
0.821503
0.961695
0.945366
0.961749
0.895648
0.740551
1.108510
0.837090
0.782084
0.874881
0.956468
0.879412
0.737351
0.847376
0.871612
0.927417
0.924234
0.844044
0.820607
0.793812
1.068807
0.955565
0.872534
0.814020
0.922920
0.916135
0.961715
0.955594
0.864088
0.868138
0.956102
0.978573
0.979060
1.093281
0.801736
0.810404
0.802338
0.898975
0.941772
0.832410
0.968766
0.926228
1.178560
0.935715
1.008226
0.886241
0.930264
0.840383
0.900019
0.930260
0.873751
0.939356
0.963025
0.826476
0.842395
0.957598
0.936429
0.876806
0.884533
0.841166
1.015122
0.991587
0.915227
0.883819
0.940445
0.939180
0.821945
1.006186
0.891077
0.877718
0.947314
0.820498
1.048104
0.955526
0.771862
1.044866
1.099660
0.822525
0.894937
0.937205
0.916822
1.128107
0.982603
0.816587
1.086791
0.771003
0.882345
1.020345
1.051630
1.049051
0.900454
1.002493
0.885893
0.976999
0.785668
1.138445
1.010749
0.929662
0.927390
0.799179
0.812018
0.831490
1.132253
0.936533
0.796249
0.872202
0.979262
0.837497
0.653035
0.825107
0.813506
0.756076
0.941298
0.787954
1.110391
0.798343
0.796701
0.871096
1.014578
0.732484
0.882535
1.047651
0.887427
1.071057
0.911733
0.852623
0.961732
0.917949
0.884600
0.992174
0.745063
0.967858
0.852417
1.064406
0.706084
0.935566
0.928723
0.719202
0.852061
0.841684
0.680207
0.886083
0.808104
0.909547
0.928777
0.912516
0.941447
0.731035
0.907928
0.774889
0.773448
0.817672
0.891594
0.805026
1.094042
0.788967
0.791062
1.009832
0.854672
0.823992
0.747112
0.874175
0.790020
0.907340
0.804637
0.956326
0.666035
0.835731
1.014793
0.769306
0.935204
0.967981
0.698901
0.927549
0.936062
0.873761
0.848336
1.074124
0.977057
0.888322
0.845976
0.906826
0.956273
0.909352
0.896242
0.859134
0.796311
1.050818
0.890191
0.782590
0.671991
0.912856
0.929954
0.847752
0.882871
0.829502
0.773558
0.918448
0.812642
0.842436
0.965315
1.023606
0.930193
0.709162
0.800492
0.774586
0.940157
0.843904
1.026587
1.008102
0.793440
0.766191
0.767842
0.701621
0.931796
0.708254
0.856261
0.838839
0.924073
0.911535
0.822026
0.950309
0.841325
1.127329
0.896376
0.955837
1.121855
0.891219
1.023175
0.866407
1.055679
0.787364
0.840268
0.839835
0.958149
0.714058
0.891641
0.931342
0.804296
0.917314
1.023151
0.725758
0.725980
0.769696
0.840129
0.726905
0.819017
0.931911
0.939328
0.739374
0.824517
0.892601
0.974695
0.828123
1.000637
0.732592
1.021037
0.875416
0.795160
0.993657
0.980014
0.754822
0.753524
0.720783
0.917581
0.642819
0.840368
0.745936
0.719713
0.828472
0.889902
1.007099
0.850342
0.867902
0.840030
0.842854
0.777699
0.725052
0.854982
1.077947
0.904711
0.910011
0.865987
0.771863
0.851702
0.817215
0.881066
0.705948
0.935502
0.750088
0.874412
1.002594
0.968420
0.679399
0.767830
1.012101
0.893022
0.964174
0.850847
1.116335
1.017277
0.925176
0.887818
0.765653
0.794427
0.903444
0.971748
0.887651
0.932692
0.766189
0.955985
0.865320
0.936254
0.851538
0.938349
0.834884
0.948936
1.116085
0.953811
0.806741
0.873316
0.732783
0.890843
0.784689
0.768289
0.908889
0.899393
0.813615
0.860649
0.738017
0.828635
0.902207
0.766661
0.795396
0.788450
0.833507
0.797240
1.030211
0.786325
0.828920
0.763716
1.018464
0.949362
0.738083
0.778608
0.795690
0.870714
0.751125
0.833357
0.710150
0.853222
0.845293
0.814095
0.759546
0.959520
0.748985
0.822203
0.774568
0.709179
0.757137
0.844249
0.830006
0.825446
0.872535
0.727450
0.852107
0.731634
0.758565
0.811886
0.813090
1.034756
0.718388
0.828875
0.782381
1.003161
0.736561
0.922693
0.819816
0.893778
0.905408
0.832654
0.859141
0.632715
0.782761
0.830062
0.741749
0.881447
0.787323
0.912241
0.890203
0.768241
0.844182
0.940332
0.790756
0.792734
0.979870
0.863954
0.812305
0.879159
0.738756
0.822640
0.936989
0.803098
0.794917
0.840420
0.768902
0.801311
0.900307
0.799848
0.822348
0.896308
0.876432
0.755111
0.804742
0.843671
0.782258
0.881410
0.868387
0.893310
0.786052
0.933113
0.801634
0.741228
0.959027
0.829194
0.824060
0.728969
0.772137
0.950001
0.903096
0.919654
0.931452
0.679259
0.800736
0.922202
0.885455
0.820378
0.968591
0.855174
0.823624
0.951893
0.757277
0.802962
0.876760
1.010723
0.825187
0.769850
0.781173
1.017015
0.744780
0.808515
0.926437
0.853731
0.784539
0.828139
0.759369
0.785835
0.926958
0.721925
0.865571
0.907836
0.782254
0.873751
0.684668
0.975859
0.880494
1.058575
0.902999
0.668546
0.749238
0.876801
0.815418
0.775312
0.916057
0.951181
0.799434
0.938635
0.935736
0.875742
1.003571
1.106819
0.779005
0.978570
0.889045
0.980216
0.845346
0.783703
0.867381
0.906972
0.882803
0.867963
0.720902
0.931185
0.794305
0.888950
1.038701
0.921752
0.894877
1.035949
0.965175
0.868055
0.765947
0.711719
0.742548
0.961312
0.876333
0.965403
0.820968
0.862680
0.988952
0.975777
0.777390
0.755629
0.846037
0.612258
0.913148
0.783030
0.713344
0.751208
0.747991
0.803014
0.689760
0.739089
0.974594
0.783096
0.738753
1.027313
0.888726
0.799712
0.788207
0.696338
0.745620
0.872303
0.793831
0.786502
0.801692
0.734346
0.924291
0.700080
0.905246
0.775415
0.846219
0.627671
0.868305
0.697699
0.802435
0.807923
0.878457
0.789165
0.924373
0.831763
1.038011
0.903952
0.778496
0.910667
0.685908
1.065178
0.923582
0.953986
0.702658
0.863661
0.846899
0.824039
0.776751
0.703766
0.674992
0.851562
0.733791
0.812810
0.742144
0.708134
0.867773
0.944389
0.788260
0.816919
0.722267
0.639643
0.705739
0.800828
0.769454
0.955831
0.831047
0.962137
0.835532
0.830498
0.760767
0.723474
0.664945
0.791223
0.862242
0.842768
0.801475
0.647357
0.911882
0.840828
0.777291
0.839663
0.828656
0.726865
0.743498
1.049761
0.846389
0.834164
0.846520
0.993752
0.826287
0.803647
0.790394
0.719674
0.976799
0.755246
0.751786
0.850323
1.056448
0.730355
0.689749
0.862800
0.921198
0.955008
0.800383
0.798503
0.972941
0.801533
0.782782
0.847449
0.814872
0.847981
0.803306
0.649257
0.896984
0.782935
0.742184
0.794177
0.697956
0.695988
0.814208
0.752976
0.921859
0.741576
0.719579
0.752236
0.740544
0.956607
0.799832
0.793265
0.781821
0.755136
0.882780
0.763925
0.837072
0.798533
0.851310
0.866852
0.751337
0.838426
0.883450
0.803531
0.772518
0.813857
0.695881
0.681602
0.921495
0.821581
0.769891
1.048651
0.943280
0.788466
0.793876
0.710565
0.808537
0.829684
0.800384
0.814123
0.886776
0.899399
0.588743
0.895737
0.676302
0.849322
0.758624
0.819119
0.860513
0.729901
0.770990
0.786649
0.845141
0.706137
0.866662
0.837401
0.774495
0.747287
0.793670
0.724336
0.640689
0.617664
0.850746
0.843277
0.889997
0.829240
0.703150
0.834735
0.787152
0.642516
0.777996
0.873437
0.735072
0.691164
0.849063
0.760970
0.914789
0.702595
0.709204
0.770194
0.646075
0.865552
0.898179
0.638145
0.742084
0.821605
0.927429
0.748513
0.861956
0.718395
0.869612
0.633704
0.825746
0.807516
0.786534
0.807102
0.856007
0.941472
0.874401
0.870815
0.664472
0.866987
0.664459
0.709829
0.630225
0.789658
0.644625
0.871561
0.793704
0.698778
0.819616
1.000596
0.720282
0.548639
0.912663
0.867681
0.818900
0.642318
0.795065
0.930364
0.638632
0.820257
0.822520
0.731077
0.668716
0.791979
0.659987
0.742581
0.761390
0.848187
0.608886
0.799865
0.769644
0.747686
0.731086
0.593179
0.914471
0.839227
0.820380
0.852445
0.823651
0.777796
0.832365
0.948358
0.769674
0.775730
0.771674
0.748372
0.815645
0.998182
0.930164
0.642581
0.882774
0.802348
0.742991
0.882574
0.755869
0.865908
0.758388
0.795256
0.865955
0.690601
0.692851
0.922200
0.813074
0.683843
0.644215
0.772412
0.777018
0.743281
0.598637
0.814031
0.812083
0.846488
0.791337
0.683596
0.742096
0.794409
0.641667
0.723652
0.757708
0.656873
0.756205
0.680734
0.666731
0.593020
0.612803
0.682452
0.667575
0.752761
0.644983
0.721410
0.636378
0.692412
0.710622
0.735288
0.708570
0.869958
0.813513
0.683035
0.847845
0.584219
1.011754
0.851109
0.967553
0.683658
0.815119
0.934459
0.758634
0.788091
0.651686
0.584514
0.734977
0.869646
0.734099
0.841208
0.972894
0.688186
0.742392
0.712081
0.703344
0.789541
0.769348
0.943662
0.643075
0.651153
0.674965
0.702036
0.630195
0.903274
0.935112
0.807584
0.784664
0.726291
0.767109
0.816760
0.750073
0.624931
0.669959
0.832597
0.708374
0.936394
0.715692
0.730727
0.890552
0.743794
0.752107
0.729224
0.846817
0.821254
0.728051
1.048197
0.684457
0.906687
0.881334
0.683677
0.792115
0.819037
0.633800
0.859201
0.701124
0.729818
0.555093
0.841805
0.715832
0.876760
0.621984
0.653761
0.872712
0.702703
0.758950
0.644016
0.961705
0.839318
0.838595
0.705302
0.796413
0.604551
0.690991
0.785299
0.558015
0.804070
0.692652
0.591811
0.770586
0.759453
0.635033
0.731169
0.687757
0.692307
0.753117
0.798758
0.694580
0.918072
0.779491
0.774973
0.768032
0.764877
0.704230
0.756455
0.955414
0.958451
0.822889
0.729320
0.973092
0.869366
0.874487
0.930823
0.838302
0.857428
0.774107
0.689301
0.779193
0.811480
0.726798
0.834718
0.886452
0.811029
0.843832
0.778069
0.715650
0.651389
0.743994
0.642067
0.723997
0.749718
0.833543
0.733315
0.749888
0.726858
0.804146
0.781752
0.743545
0.603183
0.642688
0.701932
0.874716
0.813678
0.854370
0.792435
0.640933
0.681962
0.630187
0.741653
0.645665
0.711983
0.698228
0.795582
0.525740
0.801792
0.720888
0.636093
0.849947
0.720909
0.785191
0.826207
0.773091
0.654942
0.761464
0.720836
0.897104
0.827103
0.678986
0.640711
0.757379
0.793778
0.768897
0.729925
0.805975
0.778853
0.722130
0.758288
0.795002
0.626693
0.659171
0.773436
0.832131
0.689595
0.729176
0.788638
0.759384
0.856902
0.711187
0.644891
0.729839
0.717864
0.876287
0.742444
0.885453
0.695717
0.861537
0.736158
0.868477
0.712648
0.709894
0.823054
0.919823
0.892642
0.804757
0.946487
0.703417
0.815839
0.704681
0.750649
0.761161
0.788893
0.785434
0.561091
0.921747
0.654163
0.643618
0.637345
0.647445
0.681697
0.810882
0.770555
0.811923
0.819242
0.705450
0.851560
0.945652
0.803977
0.842753
0.668265
0.764440
0.676817
0.786439
0.796997
0.753486
0.770856
0.680195
0.899318
0.654126
0.686668
0.711443
0.608977
0.742741
0.638948
0.697425
0.693175
0.714577
0.425871
0.747479
0.872868
0.729527
0.778995
0.701885
0.638958
0.733832
0.832470
0.614321
0.648772
0.682390
0.749113
0.675188
0.801235
0.827368
0.641980
0.705936
0.811937
0.610163
0.911785
0.896286
0.690710
0.776178
0.685644
0.628129
0.744938
0.818241
0.724189
0.831024
0.657473
0.769097
0.833457
0.671767
0.863762
0.665896
0.634671
0.677401
0.657622
0.728569
0.793169
0.660077
0.734532
0.672599
0.653255
0.680249
0.862834
0.675406
0.698555
0.878811
0.530846
0.738388
0.700084
0.748857
0.761234
0.485912
0.722977
0.647501
0.682596
0.733669
0.686446
0.687473
0.736011
0.879238
0.722942
0.419319
0.531446
0.742888
0.697948
0.882875
0.844644
0.711198
0.706100
0.763798
0.607768
0.685079
0.668706
0.800892
0.774431
0.683711
0.613505
0.561641
0.752337
0.572484
0.699736
0.689678
0.556951
0.467599
0.725247
0.611017
0.537534
0.630992
0.781126
0.744130
0.662961
0.809675
0.867363
0.777614
0.729724
0.738101
0.816526
0.812751
0.715259
0.756618
0.804227
0.712712
0.621398
0.584111
0.675096
0.868277
0.873048
0.756312
0.650666
0.743268
0.718149
0.687148
0.762065
0.871450
0.763823
0.655171
0.727662
0.684281
0.809633
0.783896
0.673862
0.604495
0.755316
0.504596
0.614118
0.690290
0.683561
0.639813
0.689645
0.834239
0.806215
0.696255
0.744829
0.686527
0.731963
0.688502
0.563529
0.608312
0.769116
0.918866
0.714526
0.828182
0.780930
0.662024
0.903716
0.552516
0.755427
0.844969
0.574161
0.789454
0.835528
0.754559
0.752293
0.895000
0.858539
0.804172
0.717504
0.853400
0.647185
0.646956
0.681112
0.781850
0.850559
0.824334
0.705470
0.626123
0.731713
0.813818
0.777725
0.532780
0.534887
0.643506
0.716398
0.670326
0.733567
0.654909
0.831997
0.703445
0.602516
0.579179
0.748591
0.760509
0.784583
0.890792
0.777725
0.566067
0.703000
0.665635
0.650750
0.647747
0.691948
0.710786
0.606079
0.590285
0.744096
0.610587
0.675215
0.757509
0.667036
0.614289
0.742536
0.734126
0.773363
0.711854
0.561918
0.800172
0.634161
0.503179
0.663494
0.601485
0.532954
0.620268
0.571191
0.703209
0.639600
0.657746
0.574289
0.676931
0.707330
0.508677
0.799894
0.858054
0.741227
0.738150
0.696234
0.665834
0.756766
0.706530
0.685823
0.642440
0.738834
0.698510
0.692964
0.705053
0.808061
0.649718
0.585158
0.805119
0.660284
0.652715
0.776503
0.707849
0.682728
0.843543
0.631046
0.711215
0.670598
0.613990
0.773279
0.733197
0.837485
0.830975
0.760332
0.685199
0.742704
0.809531
0.780226
0.595527
0.713802
0.741592
0.892562
0.801465
0.877473
0.779581
0.786654
0.801245
0.914504
0.696339
0.793945
0.723320
0.746065
0.778004
0.771247
0.664010
0.677687
0.811764
0.666619
0.610414
0.744472
0.725182
0.669063
0.855970
0.535827
0.860041
0.861429
0.704875
0.775596
0.811396
0.872481
0.758659
0.649906
0.719729
0.760947
0.717278
0.680575
0.579890
0.812605
0.788514
0.803006
0.681243
0.808308
0.881222
0.843734
0.599360
0.592780
0.646492
0.895549
0.825061
0.665650
0.740498
0.712466
0.706985
0.620489
0.786329
0.927379
0.699446
0.867200
0.534877
0.680481
0.776381
0.697151
0.750753
0.749720
0.706994
0.676411
0.614779
0.712117
0.719320
0.590154
0.713430
0.635004
0.758982
0.705859
0.896226
0.754295
0.731605
0.844972
0.764514
0.806936
0.704861
0.620220
0.697981
0.766565
0.637120
0.729833
0.861998
0.595968
0.783779
0.688205
0.648337
0.685946
0.671282
0.552723
0.625245
0.663470
0.635456
0.757957
0.584350
0.597224
0.896937
0.536064
0.780793
0.764569
0.603338
0.651547
0.738882
0.810230
0.808102
0.784896
0.801861
0.714953
0.656141
0.743590
0.561799
0.794662
0.698536
0.764400
0.826497
0.737169
0.648012
0.705843
0.717341
0.633348
0.655478
0.629716
0.616633
0.649168
0.716794
0.687044
0.472584
0.599928
0.826717
0.611818
0.748292
0.675125
0.471143
0.606200
0.774101
0.587868
0.477607
0.650886
0.724063
0.612644
0.710943
0.538983
0.616966
0.633403
0.819182
0.770864
0.749882
0.869560
0.721878
0.845433
0.748873
0.843531
0.791742
0.719150
0.581573
0.680286
0.805551
0.609449
0.631590
0.687732
0.643279
0.784495
0.600028
0.770168
0.744774
0.668910
0.703291
0.687051
0.620724
0.705444
0.858647
0.630492
0.615601
0.733386
0.605930
0.768755
0.602183
0.539461
0.562408
0.704270
0.665029
0.618791
0.591367
0.704774
0.623994
0.691188
0.773187
0.690799
0.784896
0.641322
0.616601
0.682710
0.714631
0.643043
0.568785
0.823473
0.880013
0.737990
0.688918
0.595977
0.632110
0.730787
0.681814
0.715639
0.633324
0.535507
0.573840
0.641585
0.629233
0.694300
0.867721
0.566339
0.580398
0.777394
0.592303
0.530831
0.620407
0.623751
0.727271
0.618209
0.729254
0.639163
0.720158
0.696309
0.625824
0.515537
0.671676
0.644140
0.574990
0.700750
0.843330
0.556808
0.787333
0.619654
0.494041
0.663416
0.691290
0.642974
0.762282
0.578136
0.591520
0.608597
0.693708
0.512565
0.839575
0.488315
0.579343
0.754805
0.768979
0.629239
0.695735
0.699265
0.644518
0.695920
0.655691
0.582411
0.782673
0.601037
0.726418
0.515543
0.596084
0.699986
0.542024
0.603149
0.750564
0.884056
0.518827
0.763651
0.814517
0.832507
0.609945
0.607305
0.562655
0.773747
0.733420
0.586481
0.740537
0.715551
0.594859
0.628738
0.703481
0.608387
0.726505
0.639826
0.629767
0.761787
0.747698
0.715087
0.672133
0.477011
0.595534
0.594782
0.747730
0.657681
0.591133
0.643814
0.757720
0.618420
0.605677
0.615072
0.568407
0.502373
0.554839
0.615183
0.713414
0.508016
0.621862
0.600311
0.636997
0.652970
0.883974
0.496732
0.591839
0.698055
0.700078
0.880255
0.680814
0.685112
0.915455
0.839005
0.712849
0.480958
0.721547
0.626808
0.583972
0.899102
0.660138
0.500833
0.610230
0.691984
0.721467
0.671899
0.740833
0.793326
0.792093
0.597839
0.768050
0.766057
0.732590
0.657647
0.599183
0.636037
0.587237
0.743222
0.499458
0.705348
0.655814
0.727974
0.596591
0.577830
0.522649
0.589880
0.707155
0.698488
0.562927
0.747572
0.687054
0.495047
0.678439
0.701459
0.671541
0.572396
0.646705
0.650286
0.681778
0.629719
0.618031
0.740915
0.575744
0.709793
0.704004
0.696996
0.620563
0.630443
0.748832
0.736270
0.695289
0.576052
0.645095
0.681086
0.655586
0.948833
0.627127
0.682456
0.623800
0.658123
0.631293
0.583175
0.718242
0.783818
0.649235
0.623120
0.698646
0.635698
0.764349
0.726588
0.608608
0.679451
0.633390
0.663022
0.661748
0.752088
0.624110
0.523406
0.536544
0.677586
0.660107
0.564883
0.608591
0.658609
0.642833
0.533351
0.741808
0.441546
0.692420
0.656139
0.645795
0.624861
0.777384
0.657571
0.742199
0.919597
0.629121
0.550706
0.594145
0.852911
0.612644
0.651735
0.688139
0.847347
0.627114
0.728662
0.678753
0.832313
0.549490
0.679691
0.603300
0.609400
0.708596
0.727464
0.796010
0.730460
0.645678
0.710881
0.697546
0.674461
0.624434
0.697771
0.759456
0.708416
0.741087
0.687345
0.656813
0.782786
0.778947
0.646451
0.753295
0.583549
0.642701
0.678712
0.690632
0.739123
0.965814
0.761314
0.618767
0.660818
0.734928
0.487607
0.728035
0.726212
0.653729
0.808486
0.773428
0.583108
0.675142
0.709235
0.523654
0.582381
0.735335
0.693991
0.687971
0.542281
0.857455
0.586756
0.472635
0.605945
0.584536
0.671731
0.753543
0.648583
0.662323
0.596216
0.583860
0.553527
0.828767
0.598701
0.710271
0.611530
0.815474
0.698981
0.563745
0.640675
0.656875
0.529297
0.731728
0.792590
0.651871
0.721933
0.789771
0.673088
0.620413
0.545458
0.658572
0.792817
0.612559
0.673735
0.751059
0.552185
0.602423
0.735781
0.650730
0.576163
0.657130
0.623264
0.585792
0.693961
0.643492
0.583356
0.543272
0.577078
0.623071
0.633533
0.758357
0.625796
0.614315
0.704569
0.568855
0.597257
0.564069
0.659825
0.683091
0.734293
0.758605
0.637275
0.823934
0.749483
0.579574
0.590243
0.655349
0.656168
0.615858
0.704055
0.676554
0.574784
0.667828
0.579815
0.644275
0.720126
0.578271
0.686324
0.660412
0.609781
0.731133
0.599249
0.767807
0.631169
0.675640
0.695148
0.682644
0.489265
0.795438
0.538773
0.550783
0.645553
0.747602
0.488073
0.624699
0.568823
0.697638
0.682494
0.651900
0.538386
0.524989
0.575124
0.570858
0.632699
0.613454
0.491040
0.555695
0.676097
0.528018
0.574665
0.598793
0.714573
0.664294
0.483408
0.490033
0.658605
0.685188
0.537121
0.654277
0.787359
0.804298
0.715230
0.694253
0.842156
0.661897
0.565260
0.637152
0.720743
0.681027
0.464154
0.527839
0.596613
0.491357
0.598981
0.666171
0.627126
0.608650
0.455814
0.507418
0.554504
0.635078
0.681678
0.667438
0.592955
0.625755
0.438817
0.573898
0.600714
0.628516
0.554500
0.546516
0.657146
0.656646
0.512593
0.678590
0.690313
0.714548
0.569516
0.543012
0.603869
0.528527
0.722467
0.488245
0.530816
0.467593
0.668002
0.714184
0.715525
0.673764
0.618249
0.616327
0.736820
0.491191
0.641344
0.694031
0.730838
0.596469
0.687046
0.388630
0.642797
0.477468
0.467792
0.625352
0.690999
0.461983
0.628233
0.571105
0.632091
0.759985
0.443222
0.641005
0.632943
0.674357
0.478235
0.691822
0.672561
0.600917
0.573637
0.553933
0.599223
0.616982
0.570180
0.586049
0.520525
0.646016
0.643631
0.651129
0.806873
0.567637
0.636265
0.582089
0.613331
0.701489
0.640884
0.582286
0.471092
0.808674
0.734799
0.619647
0.599823
0.564114
0.710324
0.589388
0.560783
0.621899
0.660940
0.585419
0.680722
0.670597
0.808694
0.459061
0.662406
0.810974
0.593148
0.525397
0.617743
0.527395
0.743974
0.570213
0.748237
0.623286
0.582151
0.558241
0.526163
0.487643
0.527983
0.517700
0.734649
0.546965
0.664165
0.487154
0.528636
0.496668
0.524608
0.565070
0.559940
0.572995
0.795192
0.605387
0.718919
0.625714
0.626786
0.698591
0.642608
0.621714
0.582739
0.725719
0.612760
0.643623
0.752033
0.568299
0.668406
0.530784
0.493561
0.600751
0.695475
0.634306
0.578501
0.671803
0.611431
0.751767
0.627128
0.596681
0.598423
0.524373
0.591083
0.627651
0.534650
0.683698
0.621803
0.680931
0.577544
0.622132
0.585975
0.681522
0.549517
0.689283
0.661096
0.564016
0.737161
0.515783
0.641695
0.635237
0.593427
0.681160
0.787479
0.729582
0.771659
0.720167
0.594061
0.693161
0.646605
0.570643
0.665288
0.621045
0.596354
0.603126
0.575985
0.536164
0.615328
0.566418
0.609720
0.696915
0.684808
0.649258
0.466064
0.579107
0.484504
0.689208
0.612447
0.613513
0.689501
0.674161
0.709686
0.771149
0.638094
0.728530
0.626976
0.617879
0.687960
0.522994
0.578843
0.652878
0.593667
0.567980
0.649109
0.602553
0.460315
0.631096
0.507861
0.463153
0.492273
0.510633
0.641330
0.584173
0.635728
0.540709
0.563624
0.854289
0.621927
0.572730
0.563530
0.552798
0.568123
0.535858
0.626942
0.594460
0.627523
0.680374
0.548664
0.750427
0.680621
0.666647
0.625632
0.776418
0.767731
0.582542
0.762448
0.585102
0.632476
0.629679
0.581070
0.670850
0.626381
0.676638
0.747276
0.705555
0.627344
0.702250
0.602764
0.628122
0.583939
0.474503
0.594917
0.502234
0.794732
0.688141
0.612174
0.648136
0.482364
0.666028
0.695001
0.526054
0.700096
0.768861
0.584894
0.716731
0.829188
0.897751
0.511072
0.625808
0.637424
0.707839
0.691293
0.622934
0.570270
0.684101
0.661908
0.542535
0.563159
0.554160
0.653841
0.551834
0.592638
0.653049
0.571250
0.552997
0.599908
0.681384
0.635198
0.549149
0.526505
0.671913
0.622213
0.629094
0.546964
0.649437
0.804314
0.589455
0.614207
0.676645
0.483457
0.666216
0.673643
0.689227
0.593314
0.673262
0.660310
0.595808
0.621549
0.699262
0.624022
0.554491
0.561848
0.641967
0.444733
0.622348
0.613548
0.500888
0.629691
0.540149
0.549661
0.592123
0.508336
0.644278
0.545052
0.662645
0.694554
0.480152
0.506591
0.501260
0.575853
0.574201
0.688246
0.694095
0.601119
0.596595
0.542609
0.467214
0.633903
0.537978
0.606405
0.624826
0.614605
0.676905
0.817317
0.650737
0.581412
0.530148
0.608450
0.596259
0.687056
0.610114
0.703229
0.497831
0.579529
0.453122
0.628935
0.597937
0.377913
0.654707
0.528975
0.521694
0.717227
0.737949
0.423987
0.599185
0.580311
0.540675
0.699602
0.558014
0.634192
0.566384
0.530044
0.545456
0.727179
0.436053
0.756978
0.639930
0.687015
0.565316
0.580130
0.713513
0.680207
0.666285
0.588852
0.438205
0.650287
0.697832
0.545214
0.598573
0.594831
0.635311
0.706200
0.684704
0.577821
0.710503
0.636452
0.412531
0.602342
0.511046
0.599592
0.520183
0.525836
0.753786
0.442247
0.513511
0.444515
0.507364
0.511972
0.587694
0.450754
0.661872
0.502295
0.526657
0.467637
0.565980
0.525435
0.640457
0.458876
0.778006
0.393467
0.648707
0.539405
0.587380
0.560900
0.500219
0.761330
0.631199
0.649949
0.484327
0.564700
0.565216
0.583335
0.514019
0.601225
0.681062
0.516248
0.547745
0.573783
0.479673
0.554354
0.517708
0.477224
0.491572
0.617733
0.640135
0.486407
0.645029
0.589635
0.595011
0.625120
0.552045
0.644553
0.709094
0.619661
0.506088
0.633433
0.587676
0.468577
0.604304
0.653581
0.529503
0.626765
0.666458
0.644953
0.534410
0.582115
0.661198
0.572192
0.654066
0.578438
0.699717
0.601001
0.637501
0.562125
0.754384
0.563759
0.611259
0.695346
0.486372
0.702756
0.431519
0.527136
0.585149
0.607061
0.583498
0.510509
0.549592
0.611565
0.695935
0.512497
0.548287
0.656754
0.557498
0.559454
0.629185
0.720550
0.431577
0.662363
0.557507
0.512664
0.629065
0.627098
0.637408
0.636104
0.546814
0.563088
0.542219
0.609111
0.484664
0.446360
0.758165
0.532569
0.467365
0.574917
0.558692
0.646771
0.537732
0.498349
0.386727
0.551798
0.661263
0.667144
0.583039
0.655245
0.563919
0.666749
0.547417
0.587417
0.642839
0.702208
0.672083
0.555145
0.483643
0.486884
0.595253
0.676626
0.545818
0.599862
0.760831
0.553485
0.498482
0.636023
0.539711
0.693095
0.631831
0.634071
0.670351
0.570719
0.469203
0.554723
0.495288
0.761821
0.821050
0.558597
0.629926
0.595095
0.620783
0.562717
0.569859
0.622709
0.520739
0.591219
0.533583
0.484343
0.699248
0.408288
0.533226
0.640841
0.620095
0.604951
0.825618
0.502417
0.688712
0.577370
0.753113
0.479519
0.602297
0.502361
0.616404
0.548762
0.480843
0.412511
0.500572
0.446126
0.464648
0.473159
0.494510
0.631995
0.645367
0.465301
0.643180
0.689420
0.477325
0.621109
0.637818
0.466193
0.549144
0.561396
0.566526
0.606675
0.569356
0.585847
0.760599
0.558689
0.659541
0.505276
0.707991
0.489185
0.680508
0.675980
0.484684
0.798398
0.411519
0.752812
0.673618
0.581199
0.525660
0.578090
0.662149
0.574797
0.526545
0.493497
0.470373
0.501403
0.631603
0.608045
0.755981
0.560402
0.590409
0.567438
0.592388
0.504501
0.454218
0.571340
0.573539
0.447464
0.496734
0.564529
0.441258
0.665082
0.642681
0.525976
0.463619
0.453383
0.526645
0.749750
0.551798
0.571902
0.632187
0.606197
0.586114
0.535163
0.706427
0.558616
0.705588
0.585521
0.439517
0.482125
0.556938
0.514429
0.620629
0.511724
0.622208
0.625953
0.624769
0.600584
0.551467
0.556553
0.612374
0.745848
0.613363
0.602141
0.555116
0.381292
0.626323
0.522920
0.509187
0.521505
0.567331
0.619956
0.499956
0.583525
0.617379
0.596169
0.528428
0.735490
0.660290
0.549655
0.433326
0.817433
0.513166
0.623896
0.646787
0.510460
0.543511
0.680131
0.568795
0.424899
0.647128
0.509915
0.561359
0.590009
0.561868
0.444304
0.679158
0.603502
0.652989
0.713237
0.580122
0.547723
0.477400
0.485682
0.600507
0.616554
0.495218
0.488012
0.423521
0.747479
0.592439
0.511463
0.553569
0.556240
0.488927
0.484321
0.627154
0.620472
0.444879
0.630043
0.470701
0.658393
0.454849
0.644878
0.563638
0.812725
0.402547
0.469794
0.606874
0.535531
0.656786
0.503493
0.427158
0.430618
0.490875
0.507041
0.571939
0.436623
0.640879
0.444411
0.534329
0.614809
0.469066
0.520484
0.556136
0.430117
0.599538
0.634954
0.522598
0.704035
0.597865
0.594625
0.528316
0.729091
0.619437
0.770757
0.489059
0.534427
0.682150
0.369056
0.578393
0.586629
0.536611
0.471271
0.507931
0.589820
0.662121
0.457879
0.614334
0.552455
0.829035
0.655559
0.821679
0.525284
0.588962
0.683704
0.546963
0.567694
0.585055
0.539002
0.490530
0.580189
0.646757
0.523878
0.694131
0.530493
0.576631
0.505697
0.532314
0.516329
0.477198
0.479591
0.605413
0.416234
0.583599
0.523910
0.525170
0.712008
0.515926
0.578175
0.643079
0.612474
0.569451
0.421619
0.584873
0.509700
0.685109
0.489191
0.550096
0.611940
0.628927
0.636921
0.522223
0.599861
0.490471
0.606157
0.563393
0.452887
0.452114
0.643890
0.415785
0.686395
0.651365
0.486427
0.437399
0.600059
0.495883
0.607156
0.593875
0.625855
0.634829
0.549250
0.519359
0.596132
0.417812
0.532395
0.616886
0.531204
0.649446
0.642050
0.586754
0.603052
0.389598
0.777815
0.465416
0.632809
0.537644
0.501475
0.561294
0.561397
0.479649
0.448293
0.586326
0.629265
0.585084
0.546094
0.575665
0.523617
0.622127
0.513781
0.337646
0.615121
0.517680
0.636257
0.570952
0.418582
0.441233
0.488293
0.508416
0.411306
0.327063
0.530621
0.497818
0.567664
0.552483
0.484471
0.719639
0.535955
0.600042
0.695594
0.501995
0.489626
0.586321
0.551605
0.622039
0.571526
0.564999
0.662025
0.613335
0.505657
0.659322
0.475084
0.610675
0.657201
0.585748
0.577286
0.687592
0.570376
0.549407
0.424756
0.629931
0.871681
0.655007
0.587098
0.570949
0.546446
0.545946
0.502427
0.439297
0.612166
0.580074
0.639373
0.550567
0.473697
0.559417
0.662509
0.754078
0.630613
0.714405
0.420843
0.583572
0.615804
0.504730
0.633491
0.734938
0.439804
0.584252
0.412170
0.552846
0.495032
0.579419
0.646100
0.513651
0.602576
0.659503
0.530467
0.647113
0.474253
0.593415
0.469486
0.697287
0.549835
0.395118
0.493091
0.520277
0.548768
0.576708
0.565664
0.650395
0.487926
0.521374
0.637161
0.533975
0.332541
0.408793
0.467158
0.551569
0.494560
0.557253
0.503458
0.614836
0.480159
0.409840
0.549512
0.737291
0.577925
0.569131
0.542729
0.449148
0.405539
0.591660
0.771522
0.631464
0.474647
0.716603
0.460139
0.612980
0.502518
0.414142
0.482844
0.676157
0.663453
0.537386
0.578262
0.513316
0.582645
0.525816
0.689273
0.449315
0.401496
0.640788
0.580735
0.568364
0.437821
0.527328
0.485216
0.648272
0.544741
0.519893
0.566890
0.691556
0.545904
0.580834
0.569483
0.603102
0.617863
0.396365
0.627526
0.567995
0.591192
0.545344
0.549441
0.471024
0.512835
0.531011
0.628067
0.532612
0.530856
0.679060
0.707847
0.527769
0.556185
0.492269
0.503709
0.563323
0.561386
0.459866
0.537243
0.512033
0.369111
0.466867
0.617072
0.478287
0.590998
0.604493
0.681399
0.673484
0.427071
0.507191
0.597258
0.515601
0.522681
0.501965
0.661046
0.513673
0.577118
0.461298
0.726383
0.532026
0.466358
0.565422
0.550461
0.494085
0.595870
0.537058
0.605737
0.464229
0.542346
0.453348
0.323120
0.557566
0.569579
0.536380
0.459210
0.510658
0.568844
0.535217
0.580025
0.392078
0.489569
0.591888
0.550699
0.546274
0.614716
0.467414
0.557765
0.557567
0.707836
0.494776
0.436784
0.564566
0.539264
0.548716
0.669019
0.614513
0.642347
0.541332
0.687696
0.620652
0.657022
0.489482
0.747026
0.722204
0.694698
0.479048
0.489862
0.488559
0.464726
0.580035
0.517175
0.495653
0.567144
0.579061
0.450200
0.432358
0.505962
0.523023
0.404368
0.442784
0.563306
0.341712
0.433393
0.689521
0.507900
0.421939
0.562067
0.429009
0.509144
0.566292
0.478776
0.466411
0.622833
0.507068
0.584057
0.596009
0.502426
0.463675
0.501876
0.531751
0.521379
0.666502
0.681966
0.571665
0.525963
0.425790
0.536070
0.714597
0.582012
0.558326
0.539100
0.582932
0.612862
0.509373
0.482050
0.679879
0.406090
0.736527
0.421641
0.344896
0.564805
0.469915
0.511209
0.478996
0.475330
0.523793
0.476931
0.397873
0.514900
0.487448
0.582128
0.453500
0.511026
0.587537
0.575664
0.577370
0.502231
0.583392
0.495037
0.572015
0.511152
0.611732
0.626533
0.414434
0.599294
0.458637
0.451631
0.485258
0.398475
0.442628
0.593259
0.577595
0.479503
0.406391
0.456519
0.557273
0.486387
0.485926
0.533082
0.630469
0.414746
0.553369
0.384261
0.511527
0.452604
0.632295
0.504754
0.574989
0.494501
0.567639
0.495745
0.422989
0.530012
0.668864
0.440968
0.389367
0.445774
0.469578
0.609463
0.550355
0.476360
0.528611
0.423654
0.407332
0.611659
0.570137
0.472960
0.484324
0.605202
0.467756
0.536920
0.492404
0.500772
0.457839
0.486120
0.383196
0.626992
0.511145
0.352443
0.577422
0.362064
0.627290
0.470317
0.463625
0.406838
0.470166
0.547889
0.527621
0.623046
0.656841
0.718097
0.440021
0.573592
0.547904
0.520556
0.656313
0.521883
0.603146
0.539895
0.566785
0.512592
0.526085
0.503728
0.415006
0.686080
0.399752
0.532396
0.503003
0.499903
0.476141
0.576615
0.497363
0.392997
0.389191
0.480811
0.641117
0.457907
0.527572
0.571661
0.405669
0.688299
0.591872
0.599892
0.466728
0.513070
0.498183
0.486845
0.523083
0.606350
0.607764
0.587207
0.698746
0.366498
0.431675
0.598954
0.505819
0.581495
0.555623
0.394191
0.420115
0.517966
0.370680
0.371090
0.503077
0.510426
0.510436
0.406734
0.610314
0.536836
0.360548
0.485477
0.398218
0.470612
0.609787
0.479239
0.432538
0.430387
0.399328
0.563999
0.375423
0.445414
0.523437
0.469414
0.509942
0.529413
0.494069
0.572565
0.575396
0.641194
0.494805
0.368896
0.618100
0.493459
0.543976
0.483041
0.571919
0.520262
0.375326
0.627618
0.584465
0.551460
0.504826
0.581143
0.546839
0.790437
0.695095
0.579118
0.523519
0.572783
0.519697
0.596045
0.587789
0.686008
0.560662
0.539842
0.466211
0.469894
0.635952
0.494765
0.506824
0.522040
0.545779
0.674663
0.415122
0.513435
0.540717
0.557699
0.467089
0.488952
0.404146
0.550655
0.446961
0.500771
0.516790
0.389952
0.722954
0.632417
0.422673
0.538804
0.473698
0.422502
0.449053
0.600716
0.599975
0.510535
0.474927
0.412793
0.529151
0.689913
0.719780
0.586319
0.637257
0.608017
0.536980
0.618907
0.571787
0.478126
0.571966
0.486796
0.403525
0.596049
0.600663
0.404332
0.564206
0.438788
0.474431
0.526247
0.476630
0.535465
0.476452
0.460995
0.585396
0.530893
0.466341
0.599290
0.662880
0.497193
0.659475
0.585981
0.523462
0.538871
0.606114
0.584611
0.558477
0.725458
0.652156
0.544526
0.334830
0.520868
0.549863
0.501776
0.556655
0.559872
0.475573
0.383918
0.652458
0.649750
0.435658
0.558062
0.404620
0.641023
0.619443
0.419113
0.593562
0.570454
0.568628
0.498899
0.653036
0.516006
0.451820
0.677181
0.438828
0.423148
0.585637
0.545011
0.463210
0.508795
0.476519
0.474739
0.534441
0.589222
0.583138
0.520450
0.683188
0.504321
0.455100
0.514271
0.456661
0.696277
0.635914
0.696446
0.587040
0.472759
0.371780
0.540135
0.432370
0.415819
0.522764
0.629136
0.431261
0.599245
0.380296
0.638433
0.664573
0.521758
0.578958
0.468567
0.607055
0.516370
0.621883
0.661922
0.526492
0.583686
0.399229
0.485378
0.483371
0.461326
0.572676
0.680820
0.391807
0.493560
0.411533
0.433692
0.482280
0.545722
0.502771
0.636349
0.541031
0.499366
0.448614
0.498152
0.479231
0.507208
0.368359
0.345609
0.542372
0.598559
0.425382
0.521997
0.535668
0.632464
0.545056
0.475403
0.498111
0.549045
0.487876
0.414829
0.538312
0.503679
0.497288
0.501357
0.356384
0.494786
0.533992
0.578759
0.453454
0.584038
0.460105
0.538336
0.512002
0.602787
0.528203
0.507591
0.421621
0.499623
0.551356
0.475598
0.555290
0.459550
0.601529
0.540872
0.503040
0.557851
0.428437
0.481477
0.387186
0.688960
0.455521
0.513399
0.510037
0.489972
0.543154
0.566106
0.481365
0.455388
0.428385
0.493865
0.405670
0.320455
0.473887
0.528093
0.460903
0.485184
0.474241
0.531294
0.410772
0.582233
0.478530
0.384879
0.504918
0.463559
0.394613
0.531780
0.346400
0.277842
0.531956
0.458355
0.457899
0.559221
0.392364
0.355795
0.400268
0.631069
0.467089
0.625954
0.463727
0.525660
0.447725
0.618865
0.469256
0.463755
0.553454
0.585726
0.539127
0.456138
0.365077
0.531521
0.414908
0.474510
0.543196
0.599765
0.414299
0.460470
0.661130
0.441406
0.338006
0.399606
0.572599
0.470984
0.494097
0.565904
0.742893
0.516879
0.430797
0.473012
0.453978
0.410950
0.366165
0.504403
0.343351
0.612221
0.495293
0.547166
0.595781
0.499160
0.483613
0.558662
0.587885
0.529044
0.493214
0.645033
0.483507
0.436674
0.404174
0.503326
0.439489
0.467909
0.518384
0.453525
0.570977
0.469390
0.489301
0.536727
0.538345
0.475087
0.559356
0.397175
0.442497
0.506375
0.439007
0.447420
0.571091
0.450016
0.455711
0.476668
0.436554
0.630354
0.459343
0.468853
0.529237
0.629606
0.485189
0.608504
0.468773
0.540670
0.449093
0.483669
0.519025
0.735888
0.394183
0.484807
0.500332
0.553001
0.452127
0.621571
0.503847
0.577933
0.565031
0.551133
0.478765
0.622267
0.374991
0.423326
0.475970
0.638962
0.570510
0.404004
0.387038
0.426831
0.689443
0.613348
0.711240
0.582469
0.563590
0.524659
0.536966
0.523569
0.539819
0.675652
0.432958
0.538752
0.599669
0.478041
0.590487
0.650854
0.439659
0.523161
0.463390
0.438558
0.538835
0.538266
0.511967
0.649463
0.554202
0.457958
0.376190
0.486045
0.499446
0.514853
0.484856
0.415976
0.490793
0.521528
0.432735
0.534308
0.602982
0.478003
0.406510
0.447068
0.398289
0.507723
0.350769
0.570864
0.486115
0.489727
0.649446
0.553222
0.536985
0.451996
0.433687
0.349618
0.424246
0.460223
0.458651
0.447772
0.465307
0.361306
0.436542
0.446759
0.437230
0.444406
0.420259
0.564538
0.501322
0.596615
0.437835
0.389681
0.474658
0.471642
0.545742
0.465775
0.397869
0.505969
0.622076
0.419327
0.397988
0.493940
0.500960
0.545594
0.452703
0.455430
0.507997
0.465831
0.517513
0.406029
0.443451
0.467393
0.449923
0.524983
0.400115
0.384170
0.363456
0.430930
0.556149
0.613919
0.617331
0.448203
0.364017
0.618450
0.418083
0.401320
0.559677
0.517773
0.636895
0.621728
0.559875
0.422026
0.466845
0.475788
0.440515
0.593282
0.511494
0.506357
0.475031
0.500095
0.517167
0.469565
0.420754
0.490517
0.642066
0.454573
0.473253
0.591479
0.508771
0.485351
0.454402
0.538238
0.630345
0.346438
0.498401
0.448587
0.329587
0.487857
0.444034
0.489778
0.590909
0.662339
0.353532
0.400437
0.501899
0.522366
0.523668
0.427868
0.446350
0.509601
0.515880
0.493160
0.509260
0.481862
0.616429
0.437542
0.386817
0.580194
0.529735
0.434606
0.424474
0.466922
0.442041
0.482449
0.655854
0.521350
0.565000
0.471675
0.407396
0.716463
0.517146
0.587515
0.484435
0.275680
0.600357
0.476222
0.448748
0.394732
0.514496
0.580749
0.412833
0.423997
0.482115
0.527460
0.355418
0.540825
0.343369
0.476887
0.598443
0.460181
0.423357
0.424975
0.518228
0.474253
0.541463
0.480670
0.372487
0.401848
0.602158
0.440732
0.422509
0.427519
0.526835
0.555546
0.637322
0.429492
0.439367
0.390669
0.453438
0.329758
0.410666
0.521333
0.414997
0.543700
0.332913
0.470981
0.530373
0.450572
0.509831
0.303847
0.606378
0.527929
0.497781
0.470220
0.366156
0.322831
0.565305
0.400234
0.595148
0.352332
0.463786
0.311316
0.491302
0.570358
0.501760
0.497065
0.502204
0.519624
0.460055
0.462696
0.387667
0.466083
0.363496
0.366774
0.438528
0.462535
0.351513
0.429538
0.458584
0.442533
0.512904
0.490855
0.427326
0.312624
0.362616
0.363932
0.497361
0.507567
0.499807
0.604323
0.444188
0.541069
0.469462
0.464267
0.430440
0.526637
0.543004
0.566235
0.471881
0.573778
0.372073
0.540744
0.327388
0.535979
0.382594
0.439752
0.451502
0.546160
0.543786
0.544599
0.442461
0.613394
0.515983
0.458540
0.426311
0.446403
0.337733
0.388378
0.371326
0.467786
0.343525
0.471982
0.537883
0.325109
0.441825
0.631516
0.534427
0.447026
0.385712
0.406479
0.496615
0.520937
0.361739
0.368792
0.506762
0.375095
0.493933
0.491338
0.510565
0.600401
0.578140
0.312092
0.439203
0.566344
0.404324
0.511951
0.502365
0.472714
0.456884
0.599454
0.502833
0.520122
0.390001
0.581536
0.487098
0.464680
0.424115
0.463704
0.644661
0.433055
0.402086
0.483794
0.500587
0.434778
0.330290
0.492356
0.528521
0.484638
0.478248
0.506747
0.518887
0.480963
0.456129
0.460967
0.562894
0.443369
0.616922
0.368802
0.451640
0.528450
0.405794
0.362404
0.500990
0.450771
0.478205
0.547986
0.291552
0.461671
0.425420
0.559937
0.492637
0.482954
0.310097
0.446834
0.435008
0.432655
0.338691
0.406494
0.514645
0.490914
0.467355
0.327667
0.494382
0.436738
0.467698
0.504116
0.601002
0.456604
0.506659
0.492873
0.484670
0.517848
0.541699
0.497209
0.634214
0.611221
0.455282
0.434988
0.542580
0.510237
0.433416
0.603606
0.424470
0.489225
0.443192
0.453682
0.361060
0.412719
0.457244
0.399866
0.568083
0.548568
0.349425
0.423214
0.658689
0.399635
0.494977
0.544278
0.647723
0.522854
0.374639
0.428541
0.436021
0.436256
0.470314
0.496900
0.495021
0.353360
0.364402
0.423109
0.546853
0.488535
0.386186
0.408907
0.444105
0.555389
0.624668
0.587788
0.466912
0.347195
0.406393
0.486261
0.620064
0.619244
0.510344
0.533741
0.499501
0.418682
0.358106
0.464254
0.514247
0.477350
0.511356
0.452838
0.366845
0.443710
0.584694
0.475247
0.594304
0.419322
0.418046
0.372978
0.515413
0.496431
0.476074
0.434483
0.526174
0.531545
0.288813
0.510026
0.550697
0.430297
0.309856
0.452366
0.339635
0.431273
0.609585
0.393320
0.392767
0.455369
0.447209
0.514498
0.574219
0.316931
0.363822
0.373159
0.406795
0.435597
0.396234
0.474730
0.365347
0.525209
0.354639
0.383989
0.511229
0.454377
0.661425
0.534048
0.322623
0.437839
0.363451
0.425657
0.537053
0.445776
0.400607
0.571675
0.433820
0.422046
0.626156
0.495978
0.459768
0.501577
0.446684
0.406796
0.397926
0.491761
0.317327
0.488935
0.477690
0.594376
0.438701
0.491498
0.518925
0.495018
0.459167
0.446440
0.452970
0.431773
0.442046
0.478645
0.573946
0.462242
0.538027
0.453810
0.521064
0.421614
0.464435
0.563604
0.463724
0.486470
0.526110
0.326560
0.531478
0.498374
0.486421
0.528528
0.384432
0.500417
0.507542
0.496395
0.335199
0.445772
0.423761
0.403401
0.490115
0.450127
0.517900
0.412634
0.395193
0.624883
0.612043
0.583195
0.413613
0.620777
0.565864
0.435881
0.462262
0.542557
0.343832
0.524256
0.424248
0.517293
0.374623
0.517480
0.411419
0.389512
0.529157
0.459940
0.470519
0.384896
0.503256
0.352595
0.479544
0.375929
0.399322
0.480419
0.468809
0.519915
0.524730
0.408911
0.538882
0.339591
0.565585
0.321720
0.288785
0.379286
0.383687
0.398541
0.298759
0.464394
0.380783
0.512014
0.387346
0.465339
0.264035
0.423945
0.563717
0.547933
0.313115
0.453007
0.406558
0.312105
0.568462
0.439241
0.530267
0.282414
0.450873
0.418355
0.507608
0.344121
0.508435
0.595339
0.446581
0.421011
0.454150
0.420367
0.439505
0.444737
0.519240
0.450918
0.491831
0.398550
0.483640
0.406301
0.343206
0.431285
0.434898
0.521537
0.361948
0.662763
0.376782
0.423947
0.364631
0.465889
0.461423
0.556197
0.308474
0.428428
0.488584
0.438351
0.418198
0.363340
0.507096
0.430710
0.399489
0.394292
0.343578
0.422339
0.418187
0.475319
0.428880
0.421800
0.515520
0.505912
0.301054
0.442493
0.409871
0.449349
0.363919
0.548303
0.572256
0.415966
0.364166
0.342587
0.374176
0.439167
0.411880
0.440955
0.353134
0.478140
0.547592
0.364647
0.472088
0.424274
0.634433
0.438250
0.403443
0.540859
0.477660
0.449068
0.406220
0.524475
0.407834
0.289662
0.394569
0.446958
0.396915
0.369099
0.490791
0.457909
0.542012
0.400858
0.459531
0.560359
0.603095
0.527932
0.407930
0.407405
0.473753
0.459991
0.370779
0.307969
0.487012
0.428720
0.431106
0.498920
0.361773
0.550658
0.429206
0.466352
0.495495
0.395910
0.360888
0.476830
0.401490
0.542787
0.440860
0.380194
0.492324
0.448357
0.519535
0.384427
0.389406
0.380946
0.303317
0.415080
0.381442
0.458972
0.324244
0.820167
0.360763
0.446845
0.486602
0.552141
0.392413
0.360211
0.502857
0.468498
0.453956
0.344638
0.506668
0.473862
0.453438
0.507555
0.344341
0.344000
0.470922
0.536789
0.568701
0.551165
0.507631
0.418719
0.487902
0.402839
0.421423
0.409375
0.331200
0.382658
0.463406
0.436951
0.604462
0.526912
0.558108
0.466013
0.399543
0.389548
0.362627
0.395575
0.404948
0.551114
0.385425
0.531663
0.300602
0.489273
0.430509
0.487256
0.485305
0.515821
0.428670
0.736030
0.416784
0.417169
0.393918
0.415723
0.322712
0.367827
0.447259
0.512526
0.369377
0.500859
0.548004
0.346025
0.571101
0.437077
0.322252
0.382890
0.376642
0.355705
0.368615
0.398877
0.418358
0.295704
0.393170
0.392111
0.478757
0.306892
0.534770
0.325552
0.371946
0.447762
0.459392
0.298900
0.391213
0.498614
0.456546
0.429927
0.389058
0.310219
0.342294
0.363399
0.503321
0.353699
0.497754
0.424718
0.403860
0.638363
0.495713
0.504901
0.519174
0.543194
0.440890
0.527956
0.457057
0.480442
0.435320
0.317853
0.466445
0.570481
0.450198
0.469368
0.391595
0.469995
0.528487
0.488836
0.416074
0.420038
0.506601
0.563222
0.412168
0.371743
0.464360
0.446652
0.518284
0.537827
0.502683
0.390623
0.353396
0.416345
0.427902
0.553423
0.386471
0.409254
0.543710
0.357012
0.511785
0.447728
0.374186
0.451208
0.523089
0.484142
0.338573
0.395229
0.449490
0.404797
0.339987
0.448921
0.416900
0.441814
0.383532
0.442499
0.495873
0.412605
0.637387
0.577500
0.538127
0.466343
0.403103
0.419785
0.688383
0.553173
0.416012
0.459608
0.376791
0.458586
0.598095
0.593417
0.337606
0.455063
0.424364
0.372812
0.403128
0.334979
0.442899
0.408837
0.522994
0.431363
0.586285
0.529294
0.500963
0.434651
0.454327
0.551386
0.585167
0.459681
0.520517
0.414269
0.482381
0.449529
0.607173
0.387486
0.353452
0.394240
0.411497
0.459673
0.575703
0.434892
0.584171
0.542811
0.372620
0.372937
0.304982
0.387222
0.459984
0.435339
0.398808
0.490237
0.387847
0.387963
0.418774
0.385445
0.436029
0.503097
0.341558
0.452127
0.424619
0.367946
0.507946
0.485792
0.461324
0.497194
0.339570
0.549002
0.530530
0.470251
0.255129
0.391236
0.378456
0.537622
0.588063
0.440100
0.303872
0.372159
0.377231
0.324272
0.399285
0.347508
0.454636
0.417681
0.454864
0.425746
0.584097
0.516808
0.400182
0.452792
0.383554
0.302282
0.320564
0.529204
0.385845
0.407070
0.584169
0.631722
0.349372
0.540559
0.448042
0.406936
0.431264
0.401896
0.348412
0.452996
0.282781
0.488653
0.364589
0.489484
0.401275
0.436836
0.445788
0.431808
0.337537
0.492652
0.538056
0.487705
0.464640
0.476361
0.349934
0.373199
0.358272
0.478325
0.365829
0.443170
0.329609
0.324444
0.446800
0.461621
0.275692
0.306119
0.362132
0.400723
0.338355
0.420177
0.396335
0.284032
0.453552
0.446016
0.278766
0.490376
0.385701
0.435345
0.430481
0.405083
0.401080
0.374035
0.349032
0.355549
0.497739
0.332662
0.381903
0.512433
0.427111
0.468628
0.311825
0.494980
0.332916
0.340365
0.435789
0.529346
0.495527
0.332257
0.397772
0.370748
0.408737
0.355217
0.489722
0.293599
0.390288
0.385532
0.280336
0.385924
0.309060
0.376214
0.469086
0.431566
0.406741
0.254085
0.270657
0.313056
0.428250
0.394030
0.380384
0.361777
0.521641
0.387097
0.451619
0.448305
0.380504
0.411967
0.438086
0.444556
0.386418
0.428414
0.418137
0.365895
0.498379
0.409889
0.682508
0.444487
0.396779
0.488257
0.477955
0.451781
0.396296
0.569067
0.453391
0.435931
0.363645
0.434912
0.403116
0.457425
0.397718
0.416336
0.328663
0.335322
0.260369
0.513807
0.298446
0.367880
0.408225
0.464831
0.487262
0.608212
0.426983
0.460476
0.355965
0.296538
0.418050
0.435898
0.239242
0.419857
0.479271
0.446715
0.476890
0.443662
0.476064
0.429171
0.476493
0.443651
0.592204
0.395213
0.457278
0.368656
0.331794
0.501090
0.574014
0.400510
0.309784
0.370306
0.318471
0.415980
0.316302
0.434878
0.382579
0.437686
0.395606
0.453442
0.367411
0.487043
0.492805
0.480861
0.498399
0.470261
0.400560
0.403564
0.530458
0.369670
0.517482
0.457521
0.313289
0.555400
0.496049
0.462043
0.371467
0.313830
0.419947
0.382403
0.553348
0.328566
0.517280
0.431667
0.469021
0.525276
0.485061
0.519181
0.390692
0.455657
0.395752
0.644995
0.531796
0.410497
0.486486
0.512706
0.440408
0.364758
0.496398
0.385646
0.490850
0.504770
0.420950
0.429717
0.435368
0.485482
0.406631
0.546483
0.343042
0.374736
0.479295
0.567755
0.363044
0.426619
0.317742
0.309709
0.507593
0.510016
0.568233
0.232352
0.379644
0.416752
0.403315
0.617670
0.420214
0.356772
0.516851
0.323332
0.478002
0.383058
0.616082
0.304845
0.419374
0.452776
0.453876
0.429521
0.359437
0.306687
0.288773
0.364620
0.445528
0.523997
0.395061
0.406362
0.273571
0.381489
0.509475
0.426937
0.436986
0.396256
0.358987
0.618035
0.399676
0.296890
0.370079
0.459633
0.317507
0.411179
0.319087
0.446496
0.443454
0.382589
0.370307
0.271803
0.466682
0.546618
0.461210
0.442995
0.651068
0.410192
0.403964
0.429394
0.414635
0.557301
0.379444
0.539753
0.313817
0.455035
0.408381
0.479943
0.405723
0.410100
0.535734
0.468436
0.571220
0.438735
0.446452
0.448297
0.413224
0.478879
0.307667
0.326171
0.454558
0.397348
0.349316
0.466149
0.500176
0.371578
0.564696
0.308485
0.408987
0.377908
0.449944
0.425483
0.525264
0.513585
0.357953
0.432939
0.430667
0.427366
0.513378
0.551289
0.481033
0.398591
0.427875
0.374969
0.531477
0.346743
0.346435
0.376889
0.520791
0.445139
0.433705
0.604323
0.569777
0.384900
0.424918
0.507957
0.319850
0.456337
0.339548
0.406338
0.423895
0.318442
0.501756
0.275441
0.481601
0.488202
0.579225
0.502819
0.552023
0.347045
0.320899
0.363761
0.569900
0.434235
0.476822
0.566247
0.489012
0.427895
0.511714
0.462045
0.427937
0.390410
0.385843
0.357045
0.422595
0.529941
0.450733
0.363369
0.544718
0.380184
0.358331
0.285625
0.516762
0.263247
0.586617
0.275387
0.469496
0.569745
0.245287
0.413565
0.548796
0.365804
0.294428
0.519352
0.419242
0.371324
0.486338
0.428972
0.446568
0.338250
0.306904
0.349693
0.445106
0.516562
0.412963
0.455234
0.477719
0.522089
0.427958
0.215268
0.310124
0.398008
0.330800
0.565527
0.578669
0.432674
0.436578
0.442790
0.459650
0.382983
0.421488
0.346744
0.422671
0.303561
0.438570
0.295883
0.380831
0.290298
0.294757
0.396570
0.352576
0.464806
0.443954
0.401709
0.399378
0.320189
0.322558
0.353298
0.412591
0.391548
0.302059
0.415283
0.321961
0.430132
0.376574
0.417151
0.416112
0.386725
0.648687
0.399983
0.294009
0.436530
0.496059
0.280520
0.382700
0.391078
0.248723
0.370885
0.445258
0.282950
0.419057
0.431593
0.368380
0.398290
0.420343
0.262218
0.376262
0.384557
0.340372
0.376047
0.453463
0.454186
0.415044
0.350097
0.236784
0.363627
0.490231
0.611076
0.377311
0.372489
0.494869
0.496947
0.473716
0.492596
0.481919
0.309162
0.374512
0.413835
0.305696
0.467352
0.413470
0.467443
0.370192
0.470065
0.314307
0.398135
0.538329
0.488328
0.407898
0.470828
0.411294
0.636877
0.196093
0.383058
0.425888
0.332295
0.405735
0.318107
0.503866
0.278855
0.318160
0.374932
0.296808
0.301306
0.453650
0.533559
0.330542
0.351681
0.423988
0.296580
0.394597
0.360534
0.435306
0.352042
0.320536
0.459970
0.346393
0.355108
0.405199
0.424950
0.427919
0.343956
0.399064
0.304371
0.369241
0.320372
0.336877
0.374826
0.380262
0.428339
0.459361
0.311005
0.320499
0.290543
0.419331
0.338951
0.282238
0.377218
0.300020
0.496113
0.397015
0.325501
0.397655
0.326478
0.262531
0.409680
0.361710
0.398082
0.440184
0.364053
0.479135
0.195879
0.545736
0.365756
0.301194
0.338969
0.442824
0.539644
0.279567
0.410954
0.409476
0.267121
0.360917
0.433446
0.444849
0.301285
0.446832
0.477636
0.537705
0.362965
0.323259
0.462907
0.475747
0.372001
0.480472
0.420912
0.331395
0.418071
0.318191
0.427789
0.390446
0.302081
0.421535
0.393863
0.428277
0.422146
0.402905
0.380155
0.406689
0.342940
0.311182
0.496245
0.470183
0.410266
0.486373
0.269957
0.484429
0.323238
0.378787
0.307761
0.512340
0.383525
0.392414
0.329365
0.366687
0.423069
0.370888
0.318497
0.360877
0.396309
0.301016
0.304835
0.504820
0.500418
0.460138
0.378017
0.388254
0.372364
0.356277
0.368784
0.458678
0.460951
0.413901
0.404607
0.258288
0.353714
0.430770
0.438864
0.295775
0.378780
0.387312
0.366047
0.377778
0.401247
0.474004
0.458997
0.329264
0.518371
0.348722
0.364833
0.550458
0.476937
0.415506
0.470973
0.368816
0.532340
0.548808
0.283442
0.408592
0.332888
0.314450
0.456291
0.383633
0.449230
0.369810
0.485029
0.458012
0.337083
0.337663
0.376704
0.375664
0.410156
0.405395
0.422044
0.260809
0.399948
0.460750
0.385428
0.366774
0.400024
0.510158
0.346109
0.454055
0.259563
0.441432
0.403794
0.503485
0.503153
0.409125
0.308564
0.436156
0.508069
0.448296
0.297342
0.418935
0.398506
0.329370
0.374915
0.370368
0.425596
0.502049
0.468026
0.271241
0.366424
0.394944
0.391664
0.489087
0.472430
0.369376
0.434295
0.357922
0.458073
0.413282
0.406445
0.333723
0.400070
0.317433
0.407443
0.436986
0.299921
0.397571
0.418094
0.400714
0.361405
0.345263
0.363309
0.318111
0.449700
0.412854
0.471516
0.321515
0.418725
0.447316
0.425301
0.305345
0.509453
0.418009
0.492712
0.406340
0.438226
0.447012
0.346793
0.325268
0.407510
0.390615
0.323907
0.721383
0.349826
0.302297
0.400387
0.352759
0.450356
0.465477
0.350787
0.376095
0.411816
0.322627
0.489325
0.353628
0.601322
0.306029
0.340519
0.454865
0.412306
0.513403
0.489152
0.399994
0.379379
0.522801
0.490802
0.398520
0.456790
0.496128
0.357891
0.341111
0.418209
0.650327
0.329363
0.350334
0.401359
0.493490
0.345409
0.363851
0.368142
0.506246
0.464288
0.410553
0.341797
0.478578
0.361723
0.401981
0.250314
0.320621
0.305366
0.317339
0.342892
0.348271
0.382902
0.321677
0.330069
0.353410
0.431565
0.268235
0.346003
0.401407
0.402603
0.311875
0.362109
0.262874
0.303701
0.387278
0.348197
0.232688
0.315261
0.299093
0.261257
0.334822
0.448024
0.407938
0.363572
0.306171
0.417866
0.313861
0.381847
0.478094
0.597085
0.467188
0.240824
0.409075
0.474864
0.408940
0.306050
0.395063
0.289874
0.448793
0.309272
0.253977
0.221031
0.447923
0.262761
0.313570
0.486777
0.471068
0.329571
0.317101
0.372375
0.258704
0.387806
0.337878
0.292742
0.377300
0.500588
0.403216
0.322508
0.290610
0.489306
0.355539
0.420684
0.426330
0.412799
0.341322
0.370374
0.317017
0.347672
0.377790
0.408279
0.366860
0.448405
0.563867
0.507471
0.316400
0.315453
0.300149
0.306400
0.386797
0.406099
0.399575
0.326950
0.409498
0.473549
0.456405
0.359106
0.479084
0.343464
0.446866
0.361224
0.377420
0.371450
0.440298
0.230474
0.365056
0.497601
0.344260
0.383370
0.381370
0.380823
0.380941
0.355260
0.321702
0.372089
0.425326
0.478633
0.352514
0.421641
0.302295
0.433690
0.366893
0.312561
0.418525
0.526145
0.321981
0.406861
0.297239
0.346622
0.373395
0.381442
0.364334
0.382010
0.555505
0.405643
0.323317
0.277322
0.368631
0.382237
0.516973
0.384618
0.378678
0.372426
0.317034
0.292494
0.488500
0.414143
0.413131
0.323297
0.417420
0.377160
0.414438
0.440034
0.418640
0.396981
0.347291
0.327262
0.355818
0.387159
0.289842
0.456569
0.382031
0.409881
0.352975
0.326333
0.439512
0.419528
0.315391
0.296058
0.384728
0.258454
0.386438
0.361019
0.437802
0.331126
0.342573
0.515486
0.314678
0.337133
0.481562
0.475607
0.459656
0.355479
0.428492
0.301363
0.288404
0.379423
0.342153
0.416341
0.440335
0.375471
0.332897
0.373541
0.400836
0.317355
0.293538
0.327318
0.512809
0.290551
0.444208
0.388373
0.511024
0.397676
0.354326
0.368530
0.316659
0.481949
0.293511
0.445537
0.341193
0.326363
0.443376
0.529363
0.487694
0.452901
0.382492
0.347101
0.492083
0.329302
0.450499
0.238948
0.363838
0.312589
0.455681
0.379545
0.358142
0.555003
0.418035
0.289396
0.258569
0.401507
0.508260
0.491080
0.394658
0.401126
0.383367
0.478419
0.329994
0.274105
0.347110
0.437209
0.298476
0.295346
0.404247
0.292394
0.367016
0.452129
0.393277
0.514902
0.284990
0.479211
0.356312
0.283097
0.510521
0.273654
0.336787
0.464419
0.431764
0.485786
0.444940
0.362492
0.450693
0.433875
0.367492
0.338267
0.408807
0.529219
0.465564
0.303017
0.402303
0.402431
0.406363
0.382724
0.271718
0.463350
0.331811
0.375145
0.362383
0.223920
0.231259
0.369879
0.499781
0.420737
0.331797
0.345488
0.303176
0.468160
0.443801
0.433645
0.414533
0.403730
0.386060
0.215743
0.300883
0.346027
0.392955
0.296515
0.459939
0.312970
0.356208
0.269652
0.324359
0.345958
0.385076
0.267956
0.412461
0.639760
0.342342
0.467557
0.377079
0.433148
0.545990
0.353095
0.473682
0.354327
0.213557
0.474741
0.385376
0.379957
0.505865
0.304057
0.411049
0.453045
0.410539
0.450365
0.475354
0.405170
0.397692
0.415956
0.342070
0.340429
0.314868
0.501258
0.600341
0.444715
0.455697
0.514511
0.424815
0.374485
0.353140
0.376843
0.443540
0.417228
0.347967
0.281668
0.377209
0.354507
0.362420
0.382930
0.512584
0.331995
0.275734
0.450981
0.386303
0.455537
0.357805
0.415860
0.355856
0.408183
0.336730
0.353912
0.386024
0.334283
0.386474
0.357432
0.368672
0.409086
0.457605
0.310760
0.291394
0.283453
0.399756
0.451874
0.587753
0.293751
0.349915
0.213591
0.382351
0.435554
0.414167
0.410377
0.482535
0.364438
0.466405
0.331938
0.354710
0.437952
0.451039
0.317154
0.400485
0.491148
0.353230
0.376162
0.229639
