2.302972
2.307151
2.315059
2.302596
2.299936
2.295517
2.285933
2.235192
2.289474
2.256249
2.274843
2.284427
2.293394
2.280495
2.275726
2.246003
2.225673
2.182949
2.157155
2.259065
2.190545
2.096845
2.210522
2.185960
2.163668
2.192142
2.121220
2.082598
2.056857
2.021644
2.191572
2.112550
2.079173
2.147135
2.098859
2.098127
2.139056
2.093712
2.054910
2.091144
2.168207
2.048661
2.040405
2.118875
2.030027
2.033751
2.063712
2.005560
1.990268
2.096886
1.972776
1.992971
1.932098
1.955722
2.173496
2.029198
2.016070
2.055552
1.989584
2.093429
1.978078
1.994079
1.972331
1.929502
1.860547
1.971969
1.974033
2.064654
1.991360
2.042890
1.999266
2.109383
2.022502
2.015034
1.957961
1.989040
1.888438
1.839276
1.836374
1.871298
2.020602
1.769119
1.876645
1.885866
1.898616
1.963818
1.923994
1.940689
1.985058
1.727952
1.918969
1.736881
1.884613
1.872848
1.716206
1.889767
1.843059
1.876488
1.800207
1.796581
1.937788
1.763270
1.852398
1.871376
1.795951
1.792464
1.770694
1.788752
1.778395
1.881629
1.789682
1.799562
1.844854
1.973038
1.765368
1.807835
1.786583
1.734444
1.718137
1.832429
1.928220
1.748726
1.676501
1.837961
1.859945
1.744630
1.840506
1.894705
1.816489
1.793705
1.867423
1.644706
1.792112
1.757004
1.659857
1.677600
1.678699
1.718865
1.747979
1.883036
1.869065
1.685488
1.667998
1.830104
1.694503
1.824189
1.782760
1.801360
1.816126
1.913848
2.015063
1.689024
1.750091
1.740819
1.845647
1.686804
1.710886
1.702556
1.760381
1.773609
1.610832
1.690960
1.902709
1.802785
1.788742
1.754323
1.667942
1.766195
1.758963
1.753049
1.706428
1.674925
1.683149
1.662500
1.674742
1.611192
1.535992
1.599665
1.535378
1.753576
1.559577
1.839710
1.802812
1.622219
1.684265
1.645984
1.634992
1.739819
1.660617
1.589854
1.822300
1.646283
1.843108
1.609353
1.660588
1.673218
1.778165
1.643989
1.590803
1.709711
1.566565
1.653747
1.874945
1.614901
1.605752
1.640306
1.613414
1.638691
1.749717
1.660828
1.554221
1.664603
1.525367
1.672445
1.618947
1.669056
1.616498
1.695952
1.556811
1.689992
1.500239
1.588213
1.602928
1.747754
1.561809
1.538892
1.725556
1.721762
1.752400
1.799959
1.586790
1.686790
1.686973
1.653937
1.615111
1.648835
1.487388
1.567489
1.525608
1.772298
1.589060
1.642722
1.714486
1.543997
1.694099
1.480513
1.587803
1.670788
1.636243
1.566957
1.662205
1.566130
1.687227
1.551110
1.667578
1.629001
1.456801
1.484856
1.645987
1.605864
1.623748
1.505874
1.617383
1.628704
1.608960
1.608310
1.656574
1.645826
1.611525
1.502463
1.333033
1.556787
1.746219
1.622715
1.589372
1.581982
1.557847
1.526532
1.598733
1.406313
1.505129
1.553710
1.474828
1.341761
1.494073
1.633936
1.580058
1.766303
1.678333
1.449692
1.621639
1.595053
1.574331
1.548945
1.692488
1.479354
1.522256
1.547976
1.510476
1.508867
1.450069
1.438357
1.698108
1.616523
1.676750
1.647732
1.565669
1.664817
1.564129
1.489775
1.599541
1.636023
1.745606
1.503227
1.614775
1.508716
1.558678
1.455506
1.649737
1.588323
1.628600
1.565769
1.424980
1.622251
1.536401
1.488668
1.448966
1.621358
1.612264
1.504748
1.589654
1.483285
1.380315
1.518098
1.427546
1.601227
1.651223
1.433255
1.547141
1.539147
1.483788
1.527159
1.615026
1.427022
1.536081
1.640609
1.436089
1.496226
1.547868
1.417764
1.467153
1.618972
1.538028
1.487071
1.789071
1.528954
1.450948
1.503385
1.491835
1.537830
1.404531
1.352919
1.420766
1.357484
1.401758
1.566627
1.516407
1.508671
1.522343
1.462763
1.453260
1.533437
1.469938
1.618522
1.473143
1.458662
1.587531
1.510487
1.581449
1.443188
1.330539
1.321982
1.340393
1.451797
1.425522
1.429039
1.481233
1.488839
1.486143
1.329983
1.765052
1.562533
1.638877
1.294392
1.459524
1.455788
1.518801
1.469076
1.561129
1.543386
1.484597
1.494148
1.455471
1.576596
1.513335
1.492687
1.522254
1.552313
1.536007
1.531058
1.478400
1.520297
1.443625
1.491924
1.479955
1.646715
1.448520
1.462318
1.315033
1.423475
1.248258
1.356710
1.615846
1.275724
1.268077
1.575403
1.484623
1.634861
1.494505
1.462327
1.369362
1.561857
1.563615
1.532895
1.445319
1.472373
1.486837
1.344265
1.395577
1.469421
1.559701
1.525681
1.375188
1.564074
1.408730
1.350141
1.374973
1.279005
1.342102
1.445562
1.394855
1.339564
1.432784
1.423470
1.725495
1.399462
1.541324
1.502668
1.405807
1.363752
1.378516
1.397082
1.315176
1.411414
1.377092
1.437379
1.387055
1.394047
1.274089
1.327644
1.275086
1.401212
1.283419
1.242673
1.456086
1.404814
1.165829
1.419767
1.490377
1.531327
1.411803
1.407402
1.316317
1.269619
1.445629
1.231913
1.366591
1.400632
1.327876
1.377159
1.557044
1.364457
1.388097
1.390488
1.483173
1.296314
1.322843
1.523216
1.394198
1.171363
1.547493
1.378232
1.493120
1.295244
1.557729
1.417035
1.423891
1.358724
1.516240
1.396813
1.276996
1.311460
1.514436
1.231055
1.381086
1.263428
1.292077
1.220735
1.424263
1.255376
1.495946
1.404974
1.543932
1.210160
1.219281
1.290928
1.228281
1.214401
1.325365
1.423363
1.388032
1.356549
1.291194
1.529809
1.166243
1.351931
1.356322
1.325123
1.466872
1.504043
1.466531
1.225879
1.412510
1.362764
1.337306
1.440760
1.290397
1.464998
1.346738
1.293763
1.136633
1.489737
1.282515
1.335858
1.486372
1.264606
1.389372
1.454994
1.557593
1.390975
1.362650
1.296209
1.201130
1.397057
1.340067
1.353573
1.365509
1.287213
1.336697
1.497525
1.577876
1.353509
1.387536
1.225357
1.539940
1.356874
1.355238
1.243369
1.248397
1.363172
1.273860
1.325346
1.028648
1.186666
1.402947
1.285889
1.259706
1.318849
1.307807
1.264097
1.162517
1.202698
1.266229
1.186506
1.231377
1.278843
1.331926
1.327598
1.432196
1.345064
1.342798
1.324917
1.395303
1.202835
1.327999
1.257914
1.169709
1.243394
1.334102
1.187888
1.148893
1.199587
1.170737
1.214230
1.395674
1.306931
1.198160
1.143716
0.970641
1.257838
1.065706
1.299824
1.199426
1.418490
1.130355
1.277056
1.213153
1.253717
1.368942
1.392342
1.262370
1.304750
1.221274
1.192865
1.178361
1.159764
1.191256
1.045822
1.202412
1.166363
1.202982
1.156486
1.077289
1.324059
0.941944
1.271555
1.092345
1.315661
1.163027
1.083988
1.144774
1.167574
1.165129
1.331725
1.140103
1.277280
1.214508
1.392254
1.169741
1.163019
1.194769
1.234296
1.207016
1.279665
1.085246
0.999016
1.307564
1.207297
1.136173
1.232625
1.110432
1.199678
1.209334
1.216499
1.347080
1.207392
1.250411
1.145831
1.207042
1.275969
1.420646
1.170719
1.179217
1.141883
1.017749
1.043119
1.101080
1.324667
1.172791
1.028248
1.374699
1.000169
1.199389
1.130901
1.198434
0.980199
0.971482
1.309997
1.357105
1.215755
0.983508
1.348974
1.177925
1.062029
1.186532
1.241421
1.059198
1.172781
1.050626
1.209134
1.020919
1.095346
1.262182
1.261600
1.091810
1.078169
0.981772
0.965585
1.145730
1.136977
1.217222
1.039376
1.159124
1.066410
1.186769
1.184330
1.241853
1.252788
1.205857
1.265271
1.292023
1.165173
1.319382
1.285922
1.200661
1.503799
1.268727
1.232766
1.232587
1.239342
1.185969
1.171988
1.248056
1.101101
1.339222
1.025607
1.107507
1.212547
0.982707
1.058535
1.056168
1.118277
1.113705
1.172748
1.201708
1.144426
0.871252
1.057429
1.332765
1.039042
1.098646
1.092638
1.335871
1.109838
1.290523
1.305684
1.014019
1.163544
1.028840
1.139348
0.984749
1.157643
1.266886
1.006210
1.165584
1.329568
1.261531
1.240876
1.192756
1.224499
1.167972
1.121690
1.145855
1.156610
1.088179
1.056406
1.161467
1.196209
1.129397
1.092188
1.154305
1.092957
1.136948
1.103894
1.180276
0.956928
1.117381
1.131766
1.025803
0.873847
1.025016
0.951852
0.926959
1.044873
1.200122
1.232176
1.153093
0.921247
1.128793
0.965738
0.895261
0.812523
0.963957
1.160552
1.438710
0.959243
1.020753
1.076442
1.070871
1.086430
1.158072
1.172737
1.119219
1.049926
1.209019
1.150623
1.092052
1.213549
1.060621
1.288036
1.178077
1.142676
1.199167
1.196140
0.927659
0.916759
1.111604
1.119039
1.048863
0.919373
1.176717
1.067888
1.089247
1.085631
1.008413
1.129247
1.121913
1.201178
1.200474
1.068528
1.112458
1.037875
1.034121
1.107464
1.115316
1.063686
1.034993
1.164591
1.092663
0.993408
0.993022
1.001320
0.912967
1.108710
1.049462
1.068099
1.073229
1.066662
1.204885
1.179299
1.061208
1.032662
1.004131
0.909743
1.003655
1.146979
1.027651
1.207141
1.123510
1.034929
1.004617
0.934049
1.124654
0.936656
0.864639
0.968723
1.033545
0.858158
1.183127
1.178068
0.955340
1.168456
1.006879
0.945110
0.922296
1.085049
1.114118
1.098356
1.134612
0.958045
1.001862
0.867625
1.043328
1.084253
0.888743
0.969547
0.954247
0.820635
0.863386
0.992539
0.982642
1.388395
1.036856
0.942008
0.921326
0.855804
1.128731
1.000390
1.303359
1.089732
1.077683
1.215331
0.846408
1.007502
1.012627
1.209971
1.221735
0.997640
0.988391
1.156679
1.049769
1.170910
1.095494
0.876722
1.032640
1.004232
0.984747
0.955740
0.944025
0.947968
1.005545
0.898119
0.838307
1.032264
0.976535
1.040377
1.062433
0.900764
0.899397
1.022903
1.183095
0.887152
0.920448
1.185721
1.033468
1.031529
1.021521
0.992776
0.966110
1.057479
1.029430
1.035165
0.875631
1.101577
0.964907
1.023268
0.832177
0.911555
1.105072
1.118442
0.985799
0.883839
0.999986
0.916362
0.971693
0.861914
1.083590
1.103288
0.994836
0.890471
1.012511
0.996325
0.911526
0.960946
1.159873
0.947805
1.250336
1.226224
1.065811
1.105216
0.921296
0.919124
0.953274
1.025064
1.080529
0.957073
0.892919
1.058556
0.876328
1.059237
0.882956
0.789696
1.199756
1.043420
0.933673
0.891166
1.010412
1.060781
0.883889
0.949294
1.016646
0.786087
0.961319
0.916519
0.996814
1.140439
0.869897
1.076722
1.050267
1.032844
0.924824
1.145925
0.832017
0.881860
1.030682
1.112294
0.984940
0.948512
0.873550
0.930465
1.110994
0.952751
0.825435
0.888872
0.915456
1.048583
1.014348
0.935141
0.878954
0.989355
1.035408
0.983816
0.697335
1.072483
0.900165
1.053613
1.002436
1.024165
0.958827
0.887392
1.017791
0.921660
0.877021
1.070776
0.885163
1.055338
0.915837
0.911763
0.935644
0.913191
0.881930
1.102938
0.937860
0.938301
1.029568
0.994071
1.052327
0.972038
1.079192
0.985379
0.996308
1.093309
1.115003
0.790858
0.968421
0.859806
0.827313
0.929412
0.809839
0.927942
0.964531
1.026803
0.762904
0.859835
1.131623
1.055329
0.984016
1.112433
0.914622
0.800716
1.001157
0.977747
0.936628
0.846454
0.887990
0.866767
1.018205
1.074481
0.918558
0.862687
0.978254
1.286562
0.944643
0.808162
0.884637
0.937680
0.814809
0.922287
1.110429
0.855875
0.903473
1.107212
0.904792
0.973883
0.884453
0.871165
1.027561
0.731921
1.085437
0.828285
0.932619
0.983682
0.810654
1.176901
1.108997
1.023054
0.981096
0.905874
1.006698
1.037200
0.912832
0.966760
0.947330
0.894751
0.929216
0.893080
0.819362
0.996948
0.852895
1.014979
0.875416
0.831121
1.087045
0.976056
0.863503
0.974087
0.933339
0.947691
0.917020
0.808670
0.868463
0.855904
0.946371
1.035428
0.946507
0.945053
0.999882
0.686317
0.859243
0.995813
0.857001
0.833520
0.883569
0.685982
0.771155
0.773294
0.802601
0.934656
1.032892
0.909174
0.947010
0.924162
0.663978
0.745964
0.741861
0.983856
0.909544
0.925608
0.994655
0.860934
0.832710
0.997830
0.863094
0.877036
0.935750
0.842405
0.833426
0.762849
0.963676
0.937927
0.907874
0.684174
0.963883
1.062947
0.816953
0.743322
1.126421
0.861672
0.705349
0.800714
0.723406
0.617192
1.070484
0.816641
0.792440
0.903455
0.843003
0.757614
0.853906
0.723326
0.913989
1.071407
0.959459
0.651246
0.911543
0.734297
0.963884
0.846656
1.002412
0.730820
0.725332
0.900010
0.765370
0.992111
0.744397
0.893112
0.915119
0.940054
0.681178
0.830101
0.968966
0.879987
0.829512
0.920018
0.717579
0.943374
1.106216
0.947864
1.030148
0.878639
0.786311
0.774382
0.797957
0.748779
0.931496
0.719386
0.838506
1.029215
0.658835
0.952953
0.717339
0.786120
0.921503
0.741998
0.781608
0.821407
0.982675
1.026355
0.711214
0.732482
0.931930
1.008147
0.751983
0.783980
0.957332
0.579147
0.751785
0.823991
0.817942
1.015839
0.705309
0.770079
0.694847
0.856015
0.817905
0.789884
0.907324
0.815139
0.792838
1.048258
1.011948
0.732145
0.928461
0.965821
0.866773
0.881749
0.819979
0.884539
0.947291
0.878276
0.874405
0.824507
0.777733
0.932418
1.066074
0.898027
0.936991
0.703171
1.145472
0.827718
0.795716
0.762020
0.709359
0.694275
0.808774
0.683601
0.890754
0.830822
0.827750
0.753933
0.740557
0.728638
0.663518
0.794894
0.916502
0.740138
0.801479
0.866380
0.917302
0.898156
1.024963
0.777027
0.963632
0.931680
0.909495
0.789546
0.825059
0.709261
0.787840
0.814026
0.809851
0.859871
0.842103
0.791035
0.770359
0.852103
0.970743
0.891957
1.008666
0.726220
0.821140
0.927674
0.760213
0.959065
0.824465
0.844790
1.057277
0.837317
0.759266
0.785890
0.855955
0.866569
0.749481
0.997267
0.764292
0.893185
0.751051
0.673535
0.845144
0.724744
0.871843
0.828200
0.891379
0.743946
0.867677
1.155930
0.800073
0.772839
0.817229
0.817843
0.928119
0.823146
0.825913
0.811464
0.913871
0.797706
0.868741
0.893206
0.759175
0.942298
0.807432
0.936523
0.646389
0.781885
0.873639
0.962926
1.032960
0.813648
0.919112
0.719075
0.710119
0.812081
0.898974
0.828046
0.899324
1.023361
0.872866
0.781915
0.722595
0.857782
0.924722
0.987086
0.856731
0.983020
0.891917
0.870156
0.788110
0.789487
0.818743
0.860920
0.900298
0.871200
0.844825
0.814429
1.061719
1.021254
0.966392
0.888945
0.682858
0.886945
0.926757
0.857960
0.771555
0.862043
0.986703
0.846963
0.947860
0.918881
0.903494
0.898572
0.795106
0.906364
0.853558
0.799940
0.928842
0.721418
0.764717
0.859341
0.820988
0.896971
0.811812
0.927819
0.709550
0.874009
0.874523
0.751871
0.793842
0.717696
0.862095
0.679592
0.713917
0.899094
0.845029
0.777684
0.825264
0.837213
0.714843
0.755575
0.801404
0.759572
0.826795
0.759488
0.919473
1.032715
0.779999
0.928799
0.821032
0.935759
0.820648
0.837179
0.876703
0.720288
0.887836
0.730219
0.757920
0.959536
0.830680
0.796520
0.899465
0.785826
0.926422
0.782378
0.815479
0.760310
0.716135
0.700430
0.627032
0.717772
0.757243
0.763531
0.646445
0.727382
0.906442
0.828790
0.814288
0.750637
0.695090
0.891920
0.695679
0.734571
0.860593
0.657195
0.786347
0.737914
0.799647
0.882313
0.779512
0.760099
0.950799
0.658523
0.826392
0.921739
0.888346
0.839890
0.837242
0.861482
0.722656
0.723429
0.919964
0.907316
0.989757
0.937752
0.842481
0.962291
0.749600
0.921480
0.797436
0.841026
0.941975
0.910855
0.885380
0.769126
0.864491
0.751512
0.662774
0.813701
0.685864
0.668800
0.773482
0.828295
0.763209
0.865148
0.715554
0.876070
0.831437
1.068411
0.697209
0.803739
0.825316
0.740686
0.737348
0.669817
0.697273
0.955972
0.992359
0.542112
0.841500
0.852558
0.712502
0.700954
0.487017
0.766235
0.928342
0.641534
0.686051
0.697782
0.769802
0.836134
0.861394
0.752256
0.669305
0.737788
0.850504
0.617358
0.877759
0.794539
0.752755
0.593011
0.619491
0.875995
0.762416
0.713606
0.627411
0.814195
0.907973
0.838609
0.689492
0.764073
0.704304
0.722057
0.725981
0.801969
0.781924
0.967498
0.725570
0.828053
0.777171
0.759871
0.704037
0.735569
0.770941
0.712050
0.692339
0.639027
0.821224
0.943157
0.754426
0.692773
0.877780
0.757506
0.628994
0.870265
0.652316
0.773729
0.700220
0.781956
0.748842
0.648286
0.650844
0.679515
0.691653
0.652315
0.759751
0.894392
0.611343
0.844828
0.785105
0.689184
0.740241
0.706323
0.820628
0.719688
0.755395
0.605519
0.908801
0.848718
0.622382
0.810798
0.710826
0.702098
0.751927
0.836069
0.691304
0.772455
0.763210
0.687601
0.679646
0.833636
1.092355
0.738155
0.721178
0.786635
0.778318
0.782449
0.673283
0.740966
0.791430
0.692547
0.692502
0.862642
0.730834
0.767214
0.632123
0.669829
0.662071
0.646453
0.539384
0.791925
0.770681
0.651450
0.755044
0.824169
0.614937
0.808023
0.739831
0.754436
0.963160
0.868147
0.698661
0.761766
0.741358
0.771158
0.816776
0.767624
0.590711
0.687219
0.813604
0.691704
0.662660
0.651384
0.687805
0.759141
0.612729
0.542358
0.763929
0.837110
0.720995
0.726728
0.880094
0.739277
0.783285
0.756113
0.692505
0.715337
0.745842
0.607006
0.776733
0.814889
0.792843
0.709241
0.790608
0.688595
0.879797
0.644089
0.857897
0.741556
0.780341
0.696056
0.773932
0.731091
0.792342
0.793497
0.723552
0.697682
0.644566
0.643069
0.755237
0.494410
0.638287
0.656753
0.673302
0.779755
0.707540
0.897888
0.867334
0.841428
0.793440
0.684150
0.606708
0.617294
0.969225
0.624932
0.865650
0.740173
0.688895
0.699312
1.024562
0.843750
0.766387
0.830332
0.819404
0.810508
0.739982
0.792562
0.839525
0.848615
0.840796
0.788656
0.882721
0.798514
0.747177
0.672019
0.751418
0.758229
0.714606
0.835457
0.963214
0.753341
0.771677
0.731840
0.671436
0.629057
0.788825
0.969235
0.706498
0.678703
0.648853
0.684488
0.664574
0.610008
0.689136
0.668717
0.634694
0.798002
0.861536
0.791828
0.745304
0.662322
0.743007
0.919885
0.585794
0.789365
0.765886
0.750016
0.546416
0.563790
0.734816
0.553213
0.815288
0.761829
0.613765
0.478754
0.592466
0.716208
0.849891
0.697859
0.710574
0.609661
0.846733
0.549774
0.927722
0.803236
0.754601
0.808644
1.011020
0.774800
0.719772
0.875152
0.756150
0.642833
0.778872
0.864510
0.791882
0.716303
0.722289
0.587521
0.770969
0.653112
0.649369
0.629075
0.708706
0.649021
0.704519
0.782372
0.825575
0.769813
0.505282
0.590599
0.972373
0.796735
0.763849
0.693629
0.830086
0.822239
0.733093
0.835250
0.608345
0.853491
0.625201
0.713193
0.755365
0.612181
0.825317
0.657658
0.660296
0.603000
0.682336
0.510731
0.792169
0.944731
0.806144
0.565716
0.690729
0.782104
0.912882
0.667750
0.753795
0.800159
0.674964
0.789276
0.684047
0.805525
0.862493
0.653537
0.732628
0.688792
0.620090
0.703066
0.756181
0.814212
0.813089
0.727768
0.669115
0.687706
0.598304
0.726373
0.625325
0.829836
0.677314
0.802273
0.569267
0.591069
0.792912
0.683109
0.876089
0.651706
0.778303
0.663083
0.673810
0.824380
0.630040
0.785331
0.780324
0.650240
0.743154
0.813789
0.582596
0.813997
0.748817
0.673792
0.704404
0.695156
0.924022
0.853058
0.671086
0.775276
0.847161
0.703572
0.713084
0.959743
0.628686
0.645114
0.702649
0.734262
0.715579
0.824455
0.756842
0.539767
0.621749
0.836634
0.807855
0.657606
0.596840
0.644473
0.857546
0.655564
0.709773
0.705175
0.537733
0.641926
0.816226
0.855252
0.754900
0.639785
0.736381
0.707285
0.593841
0.817941
0.747600
0.613767
0.739888
0.758351
0.658785
0.548573
0.704623
0.788287
0.728881
0.599818
0.725329
0.582122
0.665779
0.706392
0.686760
0.648281
0.652348
0.831066
0.789826
0.770479
0.628633
0.589941
0.653536
0.575095
0.884511
0.519543
0.786230
0.650891
0.855491
0.651727
0.579826
0.536294
0.616890
0.710244
0.522531
0.690563
0.573530
0.603896
0.716875
0.630235
0.722229
0.792978
0.599857
0.719329
0.659827
0.767959
0.760415
0.639784
0.751669
0.576131
0.708076
0.683926
0.622912
0.701375
0.747326
0.714410
0.570867
0.692292
0.797046
0.570632
0.747309
0.649281
0.741211
0.713465
0.764827
0.616993
0.604532
0.498818
0.658182
0.577116
0.620240
0.760216
0.755753
0.664204
0.553180
0.536279
0.799109
0.580067
0.570692
0.602764
0.709082
0.672843
0.486298
0.570374
0.608131
0.696303
0.655383
0.716951
0.631233
0.508953
0.763509
0.682503
0.782696
0.527070
0.704647
0.725925
0.844148
0.716565
0.661199
0.784342
0.752416
0.802103
0.780930
0.857811
0.521559
0.549369
0.603850
0.809885
0.650448
0.630138
0.672632
0.685078
0.745125
0.711976
0.836743
0.569947
0.674867
0.626952
0.720450
0.750903
0.709722
0.742096
0.668074
0.615710
0.710716
0.695165
0.622546
0.825320
0.648141
0.615258
0.688034
0.898029
0.652234
0.739273
0.669272
0.683953
0.675544
0.731415
0.659827
0.547105
0.689461
0.611465
0.607385
0.747960
0.553570
0.938518
0.764189
0.468614
0.731727
0.874439
0.621407
0.769704
0.770767
0.534457
0.743405
0.530813
0.579529
0.661331
0.833614
0.836280
0.617966
0.671994
0.645293
0.718557
0.677388
0.892520
0.632566
0.715333
0.759768
0.721334
0.648830
0.635891
0.814954
0.776617
0.483250
0.658195
0.773266
0.571510
0.534343
0.640793
0.648821
0.627672
0.722234
0.495222
0.839066
0.585640
0.488951
0.659230
0.724739
0.598538
0.545997
0.828436
0.688943
0.815374
0.734904
0.541859
0.875435
0.677662
0.551369
0.848754
0.563807
0.784791
0.665061
0.771946
0.525952
0.580257
0.630224
0.543253
0.757757
0.622288
0.430164
0.549587
0.609247
0.758182
0.591538
0.702457
0.736217
0.441425
0.767835
0.533288
0.655712
0.671727
0.649713
0.539012
0.675538
0.628844
0.623430
0.706753
0.607614
0.639329
0.595289
0.578562
0.541799
0.815484
0.559579
0.635600
0.426523
0.511804
0.820563
0.561825
0.789571
0.758708
0.439355
0.596295
0.608467
0.595741
0.748990
0.735515
0.637508
0.795543
0.530653
0.757839
0.683539
0.640875
0.605294
0.680895
0.584675
0.750655
0.662093
0.587137
0.519081
0.748806
0.766865
0.713495
0.659667
0.594118
0.554779
0.722923
0.627257
0.731688
0.677739
0.745245
0.751170
0.619077
0.549370
0.596208
0.728500
0.551720
0.700484
0.715877
0.651622
0.480186
0.515016
0.483274
0.558993
0.506883
0.605610
0.531621
0.747665
0.678518
0.720234
0.588722
0.656455
0.880383
0.675815
0.725142
0.795054
0.688622
0.767379
0.687599
0.877312
0.634176
0.737089
0.586783
0.709937
0.506982
0.638245
0.619682
0.650700
0.690567
0.714140
0.462231
0.521095
0.625001
0.576567
0.599339
0.623991
0.731991
0.620318
0.662746
0.522035
0.719363
0.753556
0.645503
0.827595
0.652935
0.666577
0.772415
0.632586
0.738416
0.771250
0.491842
0.533544
0.648094
0.674065
0.443582
0.690953
0.576626
0.559384
0.633121
0.791250
0.790487
0.542335
0.745088
0.674190
0.598369
0.533814
0.550963
0.606919
0.819652
0.724543
0.700049
0.591195
0.684464
0.728896
0.621420
0.686911
0.608454
0.727875
0.596454
0.567405
0.887951
0.754721
0.505718
0.605189
0.927558
0.603147
0.716966
0.659201
0.808100
0.733085
0.649389
0.596168
0.542127
0.616164
0.641852
0.662959
0.607990
0.754614
0.635105
0.758247
0.567704
0.672445
0.760199
0.714790
0.603482
0.712079
0.820983
0.685610
0.572274
0.609023
0.588554
0.590908
0.539461
0.528242
0.771205
0.719801
0.699349
0.568019
0.615957
0.636652
0.580668
0.517724
0.580020
0.598531
0.602779
0.462125
0.683926
0.679545
0.523896
0.615996
0.774970
0.603720
0.556389
0.635671
0.625416
0.615624
0.679917
0.594570
0.460483
0.615935
0.543474
0.618934
0.542507
0.848143
0.622419
0.581407
0.454785
0.505410
0.581895
0.636027
0.657493
0.631120
0.615191
0.673106
0.620944
0.523208
0.578030
0.547225
0.640346
0.558385
0.543380
0.601868
0.489884
0.630713
0.585615
0.605006
0.537165
0.718509
0.699128
0.639162
0.549021
0.438068
0.494547
0.563740
0.582207
0.536836
0.649638
0.652994
0.602859
0.585198
0.635409
0.641067
0.596788
0.759383
0.606515
0.567402
0.638676
0.632652
0.590850
0.506801
0.607960
0.544987
0.620233
0.707721
0.543647
0.542928
0.675456
0.653168
0.609292
0.677936
0.626882
0.550442
0.684096
0.645548
0.595533
0.632616
0.584786
0.553130
0.671297
0.671751
0.747342
0.632559
0.648378
0.697671
0.891731
0.570127
0.515694
0.808891
0.527964
0.719007
0.815508
0.636936
0.660765
0.650552
0.552051
0.681301
0.824554
0.629406
0.546189
0.697600
0.517987
0.857522
0.710202
0.778138
0.633151
0.451113
0.505574
0.874095
0.580667
0.598119
0.627345
0.549378
0.601599
0.721330
0.608667
0.504652
0.701950
0.574979
0.640433
0.663538
0.544593
0.620949
0.500301
0.642253
0.504623
0.677218
0.782207
0.607057
0.558735
0.631391
0.622207
0.566211
0.698791
0.646437
0.503728
0.712188
0.703766
0.601125
0.704589
0.828339
0.463578
0.664909
0.676770
0.789727
0.516601
0.480682
0.535329
0.641698
0.795176
0.619861
0.484301
0.753445
0.606654
0.648862
0.641446
0.684843
0.675667
0.740791
0.667848
0.672911
0.543076
0.451909
0.482008
0.576310
0.643045
0.864440
0.578382
0.584112
0.567966
0.686770
0.504029
0.450791
0.568491
0.485800
0.681046
0.672382
0.489368
0.516762
0.498371
0.597950
0.532458
0.646200
0.638430
0.587864
0.615407
0.898161
0.681932
0.579666
0.638468
0.430757
0.547588
0.564157
0.618623
0.742152
0.696390
0.577424
0.576413
0.578968
0.707412
0.611985
0.596511
0.519464
0.658148
0.589289
0.519690
0.759987
0.713630
0.633499
0.503096
0.637883
0.685192
0.612915
0.521345
0.651201
0.541862
0.688362
0.767762
0.660910
0.544014
0.589675
0.697065
0.695911
0.590414
0.483343
0.476282
0.655378
0.620897
0.509835
0.505907
0.527520
0.695301
0.562098
0.505859
0.615070
0.516725
0.485651
0.556807
0.427815
0.596236
0.669505
0.678438
0.683970
0.713530
0.586134
0.547164
0.508125
0.543023
0.570183
0.687723
0.673128
0.605053
0.510273
0.556410
0.791427
0.508388
0.674150
0.612383
0.596635
0.601749
0.635227
0.655874
0.664445
0.553686
0.624485
0.545197
0.527227
0.582113
0.447040
0.769866
0.599088
0.566545
0.592901
0.805407
0.645196
0.576476
0.546805
0.542745
0.591425
0.550527
0.595248
0.754833
0.485812
0.457616
0.551487
0.564117
0.600432
0.600780
0.449810
0.747865
0.603886
0.546031
0.516866
0.627978
0.617496
0.546882
0.460884
0.688714
0.607933
0.556013
0.678363
0.566330
0.705085
0.585965
0.625488
0.535805
0.576741
0.642354
0.504284
0.677458
0.597054
0.600915
0.637434
0.652874
0.602895
0.548326
0.616630
0.492605
0.652698
0.467646
0.536034
0.576975
0.481686
0.482403
0.746851
0.530860
0.572524
0.607698
0.437848
0.698616
0.732604
0.497713
0.734156
0.664632
0.660651
0.285729
0.578877
0.455897
0.631154
0.552309
0.749123
0.653730
0.510089
0.592479
0.513250
0.651453
0.480878
0.666107
0.618625
0.648408
0.484024
0.572809
0.452226
0.477320
0.598715
0.546202
0.590030
0.675089
0.607201
0.444655
0.630113
0.719716
0.605444
0.599192
0.635925
0.463731
0.483373
0.636274
0.452409
0.610340
0.518224
0.477240
0.566986
0.394972
0.628211
0.644781
0.520178
0.681586
0.607754
0.682729
0.588665
0.453126
0.504099
0.706461
0.579385
0.492783
0.513393
0.623035
0.492952
0.556858
0.643890
0.744079
0.557095
0.414233
0.708435
0.460050
0.516194
0.391486
0.499068
0.476408
0.679193
0.659911
0.506938
0.628257
0.657762
0.559266
0.367948
0.619252
0.516576
0.617208
0.545052
0.611156
0.754170
0.489730
0.596416
0.586258
0.436412
0.583663
0.540831
0.521124
0.602872
0.567695
0.546527
0.543556
0.601808
0.632080
0.494037
0.534156
0.398101
0.690677
0.536873
0.513220
0.500598
0.583851
0.625041
0.715301
0.586473
0.456579
0.543301
0.570138
0.642307
0.690264
0.571082
0.588554
0.637209
0.701831
0.597191
0.579725
0.659391
0.403460
0.598422
0.670525
0.605245
0.619615
0.447687
0.409145
0.605839
0.699332
0.489039
0.416233
0.489127
0.652058
0.522013
0.431111
0.502439
0.616629
0.644037
0.501975
0.592880
0.561280
0.600999
0.522194
0.616245
0.698994
0.526303
0.614851
0.465491
0.585785
0.410747
0.431731
0.530227
0.491086
0.564269
0.598112
0.595500
0.477258
0.446046
0.602640
0.491780
0.477478
0.631962
0.579400
0.521919
0.592273
0.528237
0.751817
0.790325
0.656728
0.448611
0.534713
0.777797
0.446877
0.536247
0.545325
0.414044
0.531637
0.583667
0.579422
0.589524
0.690053
0.503810
0.558487
0.513140
0.554766
0.466659
0.574292
0.664700
0.416747
0.369044
0.468291
0.463224
0.509023
0.551391
0.587699
0.567360
0.451607
0.512289
0.652673
0.585529
0.446964
0.343166
0.430113
0.751289
0.538291
0.594106
0.505874
0.619110
0.527052
0.448475
0.598998
0.494214
0.581114
0.560321
0.514017
0.734640
0.435170
0.715784
0.691350
0.520036
0.442637
0.538723
0.404929
0.457425
0.590244
0.675398
0.383725
0.583891
0.549661
0.676827
0.531187
0.395879
0.588207
0.481002
0.606414
0.520996
0.704034
0.542631
0.567900
0.403163
0.551092
0.460534
0.551700
0.475169
0.434255
0.642320
0.535017
0.490341
0.776089
0.542319
0.578495
0.497258
0.512787
0.450074
0.610323
0.613247
0.403033
0.536668
0.661344
0.490324
0.607255
0.525768
0.541032
0.670794
0.761343
0.700913
0.524664
0.553048
0.672744
0.590174
0.557681
0.548451
0.662277
0.589580
0.507883
0.473404
0.534411
0.500321
0.502272
0.513043
0.500359
0.562637
0.701201
0.479282
0.470302
0.560464
0.530960
0.445853
0.505686
0.700182
0.538412
0.576347
0.654371
0.498393
0.562328
0.540142
0.605598
0.519757
0.532898
0.545960
0.527880
0.547565
0.638930
0.619393
0.482781
0.529687
0.412580
0.479679
0.513496
0.495657
0.496464
0.610009
0.445215
0.634093
0.557345
0.409316
0.729723
0.462889
0.500227
0.549909
0.518199
0.576548
0.583430
0.612884
0.495459
0.538537
0.450897
0.455739
0.512700
0.439182
0.530507
0.417144
0.623000
0.556278
0.475772
0.528447
0.630916
0.455102
0.522161
0.472642
0.609348
0.422012
0.532371
0.446599
0.426605
0.444851
0.605400
0.528888
0.499891
0.584096
0.697594
0.604714
0.598671
0.564859
0.650330
0.591075
0.619357
0.597662
0.482326
0.556160
0.858500
0.654530
0.582427
0.756923
0.518397
0.608833
0.562006
0.641423
0.589209
0.643165
0.598788
0.400346
0.705193
0.486353
0.486465
0.531148
0.657147
0.573946
0.565804
0.632982
0.666114
0.529109
0.551417
0.787948
0.681480
0.650296
0.685360
0.533104
0.607087
0.508894
0.536962
0.593750
0.528304
0.509811
0.565153
0.510218
0.540311
0.440671
0.582135
0.453200
0.563995
0.454427
0.447465
0.478073
0.503719
0.301468
0.539851
0.749445
0.625177
0.556118
0.560558
0.437279
0.674291
0.640040
0.497635
0.499001
0.590810
0.501040
0.481405
0.626734
0.708013
0.487436
0.613939
0.608441
0.422405
0.770143
0.762276
0.524969
0.673069
0.433027
0.416575
0.623423
0.644109
0.505611
0.599230
0.488906
0.588060
0.496149
0.440612
0.692918
0.607968
0.539645
0.539935
0.487974
0.501730
0.517780
0.493436
0.520008
0.534266
0.393637
0.475296
0.545096
0.557567
0.503399
0.708765
0.361639
0.557325
0.514015
0.531030
0.598200
0.347868
0.537217
0.494976
0.532148
0.616132
0.462852
0.503389
0.492725
0.644221
0.427516
0.318694
0.299176
0.581216
0.383220
0.601307
0.673684
0.481606
0.427235
0.595222
0.456663
0.382255
0.337155
0.542861
0.568268
0.512753
0.433200
0.413888
0.569014
0.420059
0.517013
0.390141
0.396153
0.318787
0.556666
0.575697
0.362868
0.477652
0.595080
0.560374
0.538694
0.459209
0.618661
0.534725
0.497953
0.548412
0.721842
0.642508
0.426031
0.432348
0.483621
0.400410
0.448308
0.412558
0.395568
0.593303
0.590898
0.490016
0.544527
0.467083
0.560221
0.509648
0.602980
0.561951
0.486972
0.596408
0.548468
0.577040
0.473611
0.470376
0.450018
0.420511
0.552557
0.352867
0.484732
0.543003
0.448846
0.484135
0.523002
0.568729
0.548910
0.396684
0.433809
0.596350
0.556882
0.474942
0.477150
0.502694
0.419066
0.725283
0.601398
0.592129
0.463775
0.522366
0.660804
0.379925
0.562580
0.566373
0.495067
0.612625
0.710725
0.424778
0.512259
0.587946
0.543495
0.663947
0.527107
0.569795
0.515466
0.459800
0.550614
0.447746
0.628198
0.618079
0.488427
0.505363
0.487680
0.648381
0.505645
0.296585
0.412063
0.456663
0.417147
0.537797
0.526035
0.428815
0.623333
0.454785
0.326158
0.455391
0.647743
0.638081
0.561915
0.643376
0.591569
0.543498
0.503239
0.387524
0.624649
0.453727
0.499512
0.556805
0.378972
0.527137
0.658644
0.431236
0.528035
0.623813
0.505682
0.409415
0.524869
0.557354
0.584948
0.597711
0.454820
0.625677
0.517090
0.366453
0.505412
0.459490
0.492661
0.516094
0.406724
0.595486
0.344403
0.524180
0.459132
0.484081
0.545537
0.345914
0.551011
0.645487
0.514332
0.568750
0.489220
0.584061
0.492028
0.393074
0.554056
0.502575
0.502573
0.496138
0.568293
0.504674
0.775317
0.389009
0.460141
0.570706
0.577089
0.483685
0.456708
0.419417
0.516232
0.626369
0.343571
0.519026
0.462833
0.370048
0.659337
0.529298
0.736187
0.681139
0.502165
0.534978
0.561183
0.572437
0.517269
0.437781
0.557764
0.451776
0.546211
0.587288
0.546650
0.555731
0.581453
0.659023
0.444200
0.576364
0.503748
0.541582
0.515185
0.550135
0.574767
0.450510
0.461748
0.673756
0.528881
0.393312
0.564189
0.478265
0.530099
0.575960
0.400089
0.491168
0.551016
0.562540
0.519687
0.544128
0.531027
0.463081
0.466063
0.516050
0.602617
0.548714
0.498028
0.337362
0.581940
0.647496
0.638904
0.549312
0.419124
0.494427
0.591022
0.326877
0.417025
0.405344
0.651848
0.587408
0.538657
0.411465
0.491635
0.579435
0.454190
0.580630
0.589251
0.453547
0.455169
0.379833
0.400205
0.518854
0.409292
0.478768
0.496959
0.490693
0.582359
0.504266
0.398104
0.659390
0.547288
0.476419
0.604608
0.565308
0.538522
0.637714
0.612603
0.372894
0.726775
0.563878
0.680316
0.483143
0.423604
0.527561
0.609521
0.533729
0.560081
0.615098
0.418592
0.631640
0.534561
0.525578
0.430730
0.607640
0.346247
0.421394
0.490288
0.411328
0.564004
0.412508
0.390358
0.667996
0.417018
0.589337
0.517692
0.478215
0.575214
0.454418
0.571594
0.587506
0.647221
0.649804
0.585807
0.489781
0.468144
0.344680
0.517796
0.465064
0.550261
0.490373
0.485627
0.425116
0.505171
0.378926
0.407621
0.428596
0.513335
0.478730
0.470629
0.453204
0.534686
0.412925
0.388396
0.673434
0.461569
0.585612
0.342299
0.392572
0.420796
0.519982
0.393007
0.405683
0.512375
0.565899
0.388671
0.577757
0.347430
0.491239
0.443262
0.540574
0.553078
0.531702
0.549028
0.591597
0.596770
0.503254
0.589908
0.606793
0.576528
0.467782
0.531687
0.630497
0.458852
0.503270
0.522230
0.367977
0.576330
0.441944
0.539131
0.522053
0.474869
0.587576
0.579725
0.467595
0.580085
0.512829
0.387514
0.441557
0.522003
0.437305
0.517172
0.337627
0.340866
0.509961
0.577570
0.601165
0.478793
0.487593
0.391180
0.340270
0.471598
0.559940
0.351515
0.424377
0.510655
0.474323
0.409523
0.494250
0.374805
0.438181
0.649415
0.560975
0.473074
0.522779
0.501508
0.472580
0.450672
0.352634
0.524353
0.441818
0.460380
0.354191
0.393897
0.353509
0.425097
0.580903
0.532378
0.478776
0.534705
0.286234
0.411272
0.490504
0.461949
0.567432
0.430498
0.605368
0.473361
0.456715
0.625729
0.504586
0.419503
0.503047
0.526277
0.522772
0.442766
0.829314
0.401281
0.513218
0.458837
0.344951
0.464750
0.522527
0.419681
0.537728
0.589198
0.506688
0.601211
0.537261
0.335515
0.619162
0.362751
0.474659
0.512717
0.532661
0.514609
0.511176
0.543575
0.537063
0.517286
0.569472
0.411472
0.551742
0.501437
0.418225
0.306475
0.434756
0.422823
0.363784
0.407177
0.532095
0.546594
0.394824
0.602385
0.514864
0.567198
0.529437
0.409686
0.377463
0.519352
0.630041
0.490266
0.588424
0.470803
0.401149
0.432466
0.407569
0.571721
0.467733
0.383807
0.368337
0.600341
0.627394
0.417594
0.510834
0.257509
0.456907
0.473195
0.484801
0.477800
0.515516
0.395930
0.449592
0.412871
0.459875
0.256538
0.429014
0.328657
0.349216
0.407467
0.423978
0.380967
0.359453
0.334872
0.356287
0.463462
0.393358
0.357481
0.345295
0.509864
0.406604
0.626177
0.515393
0.444579
0.566830
0.535613
0.499570
0.345483
0.638052
0.508333
0.373124
0.689404
0.540759
0.313859
0.498561
0.493646
0.518042
0.472036
0.541013
0.689809
0.595461
0.443813
0.461484
0.471337
0.536171
0.523820
0.427211
0.446855
0.405048
0.493010
0.377906
0.534075
0.347519
0.529116
0.393210
0.444150
0.363238
0.382963
0.464762
0.499611
0.451497
0.422016
0.559539
0.420676
0.543199
0.457677
0.388130
0.404528
0.578907
0.500603
0.486221
0.491228
0.427776
0.611770
0.375065
0.585330
0.444404
0.511680
0.494750
0.373998
0.520792
0.527992
0.617850
0.495672
0.575789
0.524346
0.469403
0.694667
0.524768
0.444849
0.446772
0.574065
0.516183
0.490241
0.498674
0.631792
0.372685
0.416014
0.421359
0.463392
0.528137
0.568658
0.464753
0.601584
0.448131
0.456870
0.429921
0.588089
0.514420
0.308907
0.404632
0.472191
0.588840
0.417708
0.436033
0.473957
0.434046
0.314123
0.599274
0.344674
0.636581
0.446936
0.428537
0.507625
0.655590
0.470659
0.560981
0.527405
0.421007
0.406540
0.494468
0.550604
0.545863
0.486738
0.653445
0.702341
0.451028
0.492696
0.456907
0.615317
0.346579
0.555657
0.542173
0.614939
0.473391
0.496595
0.477601
0.475108
0.581195
0.515874
0.457449
0.441280
0.496042
0.581574
0.616447
0.546752
0.538382
0.467052
0.378966
0.481862
0.491103
0.460563
0.507076
0.327730
0.509780
0.553176
0.519905
0.601465
0.590440
0.473727
0.450504
0.526110
0.500322
0.571410
0.437176
0.419756
0.418369
0.555806
0.511483
0.522014
0.384181
0.461359
0.337180
0.434043
0.618037
0.539034
0.608989
0.337952
0.599436
0.330792
0.393998
0.532871
0.496005
0.498150
0.406085
0.579285
0.498623
0.456628
0.430770
0.340095
0.605371
0.378511
0.514731
0.452360
0.565922
0.476272
0.417603
0.449455
0.620302
0.456415
0.626029
0.643692
0.570978
0.591113
0.569059
0.545075
0.434334
0.415055
0.457483
0.615527
0.486727
0.557836
0.545266
0.405970
0.427023
0.520975
0.437556
0.520370
0.520181
0.434922
0.551859
0.511525
0.423066
0.469257
0.437544
0.423475
0.447467
0.542989
0.509431
0.469336
0.420444
0.497359
0.531489
0.412922
0.388291
0.575755
0.585393
0.499386
0.412392
0.338203
0.730495
0.506920
0.407019
0.377645
0.398977
0.430797
0.445376
0.442292
0.494497
0.386132
0.473272
0.416586
0.396977
0.442124
0.448410
0.436085
0.557286
0.456922
0.365692
0.383001
0.594954
0.381928
0.432986
0.559028
0.454880
0.337862
0.547866
0.416644
0.480714
0.541604
0.511082
0.487369
0.350287
0.372510
0.534616
0.582943
0.451215
0.336692
0.260876
0.400186
0.525802
0.392431
0.375602
0.332191
0.471277
0.558289
0.336173
0.421265
0.508074
0.492097
0.377583
0.383485
0.348066
0.519566
0.443297
0.446940
0.467681
0.440219
0.603142
0.432808
0.518767
0.540424
0.479029
0.423254
0.489042
0.517180
0.499898
0.389688
0.370522
0.482720
0.344701
0.441679
0.559549
0.438616
0.388992
0.303263
0.333826
0.467796
0.474567
0.491959
0.365624
0.382040
0.366920
0.397361
0.418649
0.458449
0.455857
0.467298
0.396520
0.453132
0.505545
0.352818
0.355759
0.567371
0.538188
0.480202
0.395533
0.385528
0.410540
0.513016
0.355479
0.463398
0.363230
0.469087
0.478987
0.628959
0.381508
0.556386
0.398909
0.514210
0.345060
0.467277
0.545990
0.404841
0.466335
0.431960
0.274209
0.423722
0.348472
0.310457
0.452970
0.474804
0.480351
0.499333
0.495614
0.465476
0.612752
0.465071
0.428669
0.460763
0.408036
0.344747
0.533901
0.393783
0.459528
0.367332
0.350441
0.572525
0.356968
0.513334
0.510791
0.470576
0.428346
0.499590
0.623256
0.570564
0.475924
0.443947
0.436059
0.516977
0.521362
0.438546
0.418362
0.393053
0.515766
0.457682
0.416843
0.614475
0.504578
0.502768
0.468479
0.354461
0.521898
0.595013
0.477398
0.523714
0.522112
0.515643
0.361821
0.478780
0.519245
0.438963
0.388438
0.492857
0.359865
0.522206
0.385473
0.570884
0.449907
0.381348
0.446076
0.380669
0.413854
0.506037
0.453167
0.530606
0.469633
0.475936
0.327162
0.287635
0.417760
0.362092
0.345437
0.398272
0.495694
0.730834
0.346726
0.407181
0.278784
0.419610
0.440306
0.499412
0.451254
0.345798
0.517462
0.426851
0.429704
0.608127
0.492585
0.417739
0.290127
0.404015
0.465347
0.423126
0.567085
0.589047
0.624298
0.511186
0.623808
0.407552
0.459448
0.419063
0.329601
0.429279
0.425829
0.389613
0.465924
0.475536
0.446491
0.445494
0.399775
0.421005
0.496113
0.398193
0.485977
0.355831
0.362163
0.528640
0.505042
0.498620
0.409861
0.386415
0.544080
0.555090
0.481783
0.582271
0.588436
0.359970
0.583174
0.402756
0.444748
0.441950
0.343371
0.426837
0.561602
0.460744
0.339328
0.491108
0.454007
0.561987
0.482679
0.428494
0.383538
0.352250
0.410165
0.383870
0.575719
0.507729
0.351646
0.524263
0.540082
0.533199
0.733267
0.374332
0.511472
0.412069
0.526263
0.501185
0.276847
0.428260
0.375246
0.435636
0.501319
0.351405
0.325849
0.296336
0.516833
0.351411
0.337755
0.340862
0.279707
0.438008
0.334899
0.479623
0.387484
0.411699
0.456465
0.376596
0.438895
0.486877
0.440963
0.471663
0.299739
0.533080
0.412262
0.503278
0.512519
0.423369
0.518523
0.493989
0.372859
0.376731
0.452805
0.705704
0.391316
0.471160
0.450230
0.374865
0.361017
0.549797
0.487780
0.425554
0.448774
0.507221
0.353302
0.463679
0.539720
0.593639
0.455104
0.501202
0.432685
0.436880
0.443346
0.678565
0.525033
0.492566
0.438521
0.335331
0.493666
0.662929
0.396906
0.327271
0.509908
0.494913
0.565743
0.629552
0.626215
0.385803
0.402487
0.416017
0.542680
0.517079
0.483767
0.469638
0.513648
0.474118
0.455557
0.514059
0.472245
0.463037
0.471088
0.449608
0.499489
0.445727
0.405111
0.523070
0.523866
0.460112
0.469066
0.480219
0.504475
0.509363
0.512271
0.359874
0.412764
0.540085
0.526969
0.418711
0.489826
0.456070
0.541030
0.460271
0.541662
0.462615
0.455267
0.561607
0.477337
0.582172
0.468147
0.515896
0.438339
0.476556
0.521641
0.341863
0.553196
0.410353
0.455624
0.548156
0.499985
0.409357
0.468621
0.459476
0.473070
0.324605
0.437342
0.518721
0.312327
0.348882
0.294347
0.478823
0.435808
0.485494
0.362505
0.333404
0.457697
0.341085
0.398583
0.471454
0.387243
0.363379
0.387425
0.398759
0.391636
0.508639
0.502628
0.323106
0.437621
0.384103
0.530943
0.510691
0.427773
0.437102
0.263229
0.474824
0.358882
0.490157
0.374021
0.231745
0.553872
0.319617
0.352597
0.577185
0.641525
0.237677
0.455439
0.527757
0.405835
0.530626
0.344363
0.494833
0.396519
0.406159
0.306378
0.486605
0.348591
0.532010
0.490084
0.504307
0.470719
0.421109
0.507990
0.456805
0.474047
0.492843
0.340163
0.538193
0.473773
0.362308
0.440492
0.421613
0.348853
0.452412
0.513103
0.532150
0.506418
0.579459
0.348790
0.428480
0.375783
0.482011
0.435579
0.318637
0.528559
0.268887
0.415318
0.313919
0.432688
0.453554
0.472024
0.297799
0.353332
0.297845
0.433677
0.302354
0.373861
0.276385
0.416316
0.313210
0.485070
0.244923
0.501306
0.379104
0.503662
0.399662
0.287281
0.540681
0.446353
0.456620
0.404628
0.304867
0.432363
0.379013
0.467156
0.472903
0.459942
0.408975
0.310154
0.435020
0.351788
0.402700
0.393852
0.332906
0.315414
0.536192
0.482746
0.322730
0.365228
0.357380
0.363794
0.343688
0.436930
0.452324
0.464952
0.362770
0.449702
0.500340
0.487115
0.366213
0.413393
0.436224
0.336733
0.420736
0.470275
0.526080
0.457487
0.373905
0.495747
0.401477
0.516824
0.392132
0.443470
0.500954
0.462747
0.412297
0.425230
0.503917
0.420729
0.464306
0.377578
0.531095
0.368995
0.338227
0.322512
0.418954
0.424273
0.362406
0.391487
0.521618
0.437026
0.474946
0.536179
0.547976
0.304889
0.504146
0.477234
0.584918
0.324367
0.345426
0.431488
0.351567
0.411066
0.414902
0.475768
0.476874
0.421963
0.430334
0.433332
0.532720
0.332915
0.378179
0.554122
0.382378
0.359829
0.499789
0.561966
0.571321
0.435085
0.406186
0.265988
0.333446
0.417126
0.456322
0.522282
0.447072
0.360077
0.519577
0.460863
0.463705
0.440340
0.489172
0.460279
0.473459
0.360780
0.360281
0.314551
0.578869
0.374706
0.508461
0.485703
0.427059
0.292673
0.432076
0.442713
0.472914
0.405347
0.493615
0.424904
0.425060
0.353065
0.401230
0.388179
0.400969
0.653086
0.442760
0.451649
0.457772
0.395745
0.391790
0.436052
0.470091
0.402797
0.413054
0.307855
0.415031
0.575614
0.365651
0.465424
0.412715
0.362520
0.398284
0.644104
0.445581
0.534314
0.485333
0.578720
0.508537
0.468036
0.361898
0.431802
0.444923
0.411743
0.304772
0.448581
0.497306
0.358421
0.305095
0.426088
0.351472
0.412901
0.427992
0.507472
0.520173
0.347844
0.536755
0.444408
0.436799
0.474266
0.510642
0.492126
0.435153
0.463076
0.392741
0.505898
0.361284
0.539338
0.330115
0.625384
0.414979
0.544360
0.445599
0.402444
0.503714
0.262654
0.363529
0.510204
0.510072
0.319604
0.473194
0.563586
0.375342
0.501270
0.418140
0.347569
0.284973
0.513836
0.544699
0.561309
0.401610
0.451879
0.414114
0.534696
0.512490
0.460417
0.347155
0.362621
0.371755
0.414751
0.453601
0.311229
0.428053
0.494148
0.432300
0.410079
0.525425
0.442269
0.475926
0.440564
0.403492
0.396666
0.441108
0.475775
0.419596
0.530819
0.334263
0.520254
0.397654
0.333511
0.331562
0.360141
0.343996
0.443003
0.457410
0.375746
0.386992
0.479117
0.352077
0.348956
0.486526
0.419431
0.696175
0.492809
0.423156
0.426705
0.371510
0.465999
0.399111
0.355628
0.359112
0.408222
0.488563
0.377780
0.366908
0.439170
0.518116
0.427416
0.551712
0.440159
0.441120
0.286656
0.448913
0.369116
0.510647
0.439012
0.360394
0.429540
0.539354
0.400277
0.329635
0.542713
0.469490
0.362528
0.410267
0.435699
0.311118
0.547357
0.369816
0.353048
0.451768
0.375266
0.427359
0.255133
0.460449
0.477375
0.327983
0.356900
0.292284
0.254835
0.481561
0.343838
0.260598
0.452556
0.273686
0.417820
0.366291
0.358496
0.337395
0.421208
0.384394
0.317752
0.546717
0.460315
0.471006
0.328409
0.567759
0.276288
0.315759
0.611217
0.425588
0.464988
0.278879
0.263116
0.350884
0.311662
0.450966
0.499533
0.341465
0.413634
0.415892
0.431742
0.374977
0.309327
0.409046
0.360329
0.373725
0.337404
0.432326
0.370180
0.484163
0.377745
0.412784
0.427899
0.524919
0.339661
0.507006
0.338542
0.384133
0.489108
0.277263
0.418281
0.466564
0.370602
0.361570
0.394035
0.364301
0.494115
0.236961
0.467016
0.297608
0.620098
0.375429
0.573659
0.459220
0.452031
0.503999
0.305449
0.495900
0.310144
0.381402
0.315189
0.338101
0.425062
0.406688
0.543996
0.422084
0.426282
0.358558
0.344383
0.277702
0.282579
0.285993
0.447994
0.234347
0.351382
0.341237
0.385030
0.435791
0.518606
0.508444
0.428491
0.394709
0.335857
0.410482
0.487452
0.365134
0.416512
0.376246
0.466178
0.487338
0.462372
0.455086
0.436993
0.396969
0.347275
0.456596
0.495667
0.256857
0.329761
0.448522
0.343275
0.486133
0.420455
0.306132
0.228515
0.404519
0.344706
0.478406
0.426687
0.505634
0.398156
0.498989
0.386225
0.462684
0.328165
0.354280
0.459595
0.481400
0.524386
0.379938
0.375630
0.380626
0.370312
0.622664
0.349882
0.411643
0.396746
0.414281
0.425987
0.423365
0.366950
0.278923
0.333662
0.483053
0.356468
0.315940
0.372581
0.319426
0.515237
0.294190
0.314127
0.461530
0.416896
0.604895
0.452367
0.304060
0.330829
0.389420
0.406192
0.330771
0.350933
0.441614
0.328835
0.604961
0.474719
0.431645
0.533157
0.330216
0.450678
0.408404
0.478599
0.520522
0.387411
0.359625
0.378526
0.353653
0.482084
0.404621
0.458096
0.306012
0.516956
0.380784
0.429068
0.387836
0.473835
0.403750
0.521421
0.430875
0.367988
0.332624
0.410777
0.656995
0.538342
0.460342
0.442013
0.421189
0.335769
0.428400
0.346804
0.429168
0.493727
0.429124
0.267948
0.356560
0.441342
0.477435
0.523215
0.507835
0.374835
0.285670
0.470220
0.508518
0.370129
0.542162
0.514719
0.322903
0.343460
0.283343
0.387142
0.320145
0.545628
0.438601
0.372232
0.510435
0.433347
0.414670
0.478948
0.385228
0.397240
0.297138
0.410099
0.310021
0.243138
0.315757
0.392993
0.321679
0.482459
0.384574
0.373685
0.381937
0.295781
0.553714
0.456341
0.408793
0.342311
0.360664
0.439678
0.347546
0.448600
0.396501
0.483413
0.445592
0.259736
0.379511
0.510354
0.429757
0.514943
0.378727
0.335392
0.345153
0.373239
0.455756
0.385154
0.397878
0.419566
0.365879
0.426930
0.359317
0.336877
0.340558
0.530973
0.465974
0.489502
0.390773
0.290652
0.433959
0.289331
0.471541
0.326311
0.391402
0.498628
0.617311
0.347307
0.288722
0.366079
0.402184
0.615795
0.368284
0.403046
0.400114
0.401783
0.422614
0.373751
0.351152
0.423394
0.393234
0.347597
0.424267
0.458615
0.306564
0.286084
0.473655
0.317799
0.357684
0.450802
0.477870
0.400640
0.395329
0.417798
0.401061
0.414237
0.376218
0.343361
0.424190
0.422300
0.461848
0.435213
0.363568
0.366585
0.198922
0.409501
0.349284
0.557754
0.442341
0.479543
0.544098
0.427826
0.286949
0.386210
0.456929
0.401133
0.318049
0.292732
0.543020
0.416637
0.418840
0.350585
0.568497
0.502759
0.467748
0.478378
0.439110
0.364136
0.390099
0.443528
0.399664
0.363240
0.407722
0.474002
0.313995
0.388398
0.335646
0.342341
0.328949
0.344782
0.458899
0.428071
0.337620
0.420571
0.413529
0.401582
0.463594
0.338669
0.450118
0.371472
0.633592
0.375049
0.493250
0.316170
0.370713
0.495199
0.301899
0.422515
0.480353
0.382262
0.387044
0.399427
0.609759
0.370737
0.324482
0.402484
0.447379
0.468360
0.435487
0.313465
0.327196
0.308087
0.265474
0.362855
0.373509
0.348596
0.366904
0.509108
0.339156
0.391805
0.314391
0.336997
0.311996
0.265242
0.311627
0.255653
0.260435
0.404613
0.217137
0.299749
0.271456
0.310416
0.328521
0.381603
0.309946
0.237139
0.365579
0.338509
0.420027
0.430593
0.314392
0.333729
0.433414
0.372533
0.348183
0.481925
0.483478
0.341950
0.360690
0.349240
0.444105
0.513653
0.463830
0.431031
0.350864
0.342923
0.455413
0.416634
0.379008
0.538582
0.343026
0.582052
0.341194
0.336567
0.356024
0.331810
0.413261
0.431581
0.309222
0.346388
0.276987
0.281653
0.427259
0.430436
0.515571
0.398892
0.267156
0.283660
0.401145
0.416976
0.329962
0.508493
0.483938
0.477876
0.393582
0.464104
0.475697
0.364345
0.458696
0.339167
0.444204
0.409550
0.251379
0.436218
0.496738
0.471596
0.390883
0.249570
0.314880
0.309011
0.302864
0.304880
0.436116
0.454838
0.356179
0.420630
0.324495
0.440575
0.341096
0.480227
0.314641
0.295806
0.312032
0.374232
0.333153
0.289402
0.326676
0.447087
0.223160
0.290865
0.437421
0.313272
0.330073
0.456200
0.405278
0.359122
0.345651
0.335092
0.395359
0.397737
0.369935
0.332694
0.499722
0.329632
0.244843
0.292568
0.385264
0.287177
0.447535
0.250378
0.391806
0.311123
0.202093
0.551044
0.239604
0.467600
0.286305
0.371088
0.429416
0.395338
0.422514
0.410311
0.431703
0.372285
0.504779
0.340714
0.353727
0.508505
0.292411
0.336933
0.435053
0.426719
0.327540
0.470107
0.339689
0.396136
0.410181
0.279827
0.383982
0.355683
0.457672
0.473855
0.303018
0.444714
0.412793
0.328867
0.293116
0.276057
0.262676
0.562130
0.384939
0.403676
0.474311
0.259125
0.445260
0.501128
0.578765
0.275109
0.401082
0.463418
0.494654
0.359516
0.263568
0.366999
0.350239
0.436803
0.352280
0.371758
0.477001
0.290295
0.355774
0.434143
0.307716
0.428378
0.359811
0.194431
0.272925
0.512311
0.404624
0.458071
0.374360
0.326174
0.367041
0.263527
0.281899
0.299088
0.241078
0.411889
0.349273
0.241324
0.296445
0.256233
0.549858
0.299751
0.303846
0.305694
0.372464
0.505449
0.438683
0.269872
0.477489
0.445133
0.471882
0.294609
0.232980
0.530511
0.458868
0.365047
0.283937
0.371910
0.423234
0.320542
0.393087
0.459331
0.372858
0.249380
0.545207
0.319192
0.608035
0.474149
0.412759
0.366169
0.419411
0.422073
0.610127
0.287142
0.414318
0.520620
0.471902
0.292594
0.318847
0.448646
0.355297
0.374099
0.447222
0.320871
0.387739
0.364443
0.452423
0.397171
0.391719
0.188971
0.332330
0.285270
0.378131
0.317252
0.521791
0.473351
0.246305
0.486789
0.411900
0.256247
0.409459
0.555364
0.354902
0.378534
0.436553
0.354467
0.509117
0.327773
0.277466
0.392090
0.456562
0.416494
0.329990
0.414376
0.407642
0.414845
0.577154
0.478489
0.337399
0.421484
0.321567
0.264053
0.490292
0.414718
0.272448
0.384289
0.308872
0.276925
0.334915
0.241209
0.251808
0.352352
0.364567
0.483323
0.378929
0.347480
0.566175
0.564568
0.391900
0.396839
0.349635
0.520100
0.352723
0.404037
0.400505
0.369671
0.424621
0.634956
0.493171
0.210041
0.316543
0.447944
0.445972
0.413436
0.374947
0.273460
0.258488
0.496792
0.417968
0.263366
0.427076
0.321955
0.479100
0.389854
0.274354
0.370107
0.383747
0.371367
0.299062
0.437347
0.393007
0.420066
0.396236
0.239794
0.380005
0.371845
0.285904
0.320707
0.387821
0.284578
0.286745
0.427967
0.516113
0.401122
0.377703
0.517662
0.479650
0.448829
0.458301
0.344316
0.451687
0.371024
0.483358
0.462108
0.412192
0.390003
0.374781
0.332620
0.377857
0.334542
0.398011
0.351408
0.352354
0.249806
0.514206
0.480374
0.253653
0.501132
0.398725
0.295204
0.385539
0.445032
0.453167
0.452118
0.361136
0.221443
0.340269
0.322893
0.424386
0.424321
0.585387
0.208716
0.304908
0.294673
0.332172
0.501958
0.372195
0.400466
0.494202
0.442308
0.385346
0.379923
0.386323
0.270000
0.279334
0.227047
0.319721
0.364576
0.444611
0.256784
0.398919
0.344537
0.413522
0.438114
0.366426
0.296567
0.440122
0.335270
0.283168
0.441963
0.339410
0.319479
0.434086
0.340385
0.334950
0.335878
0.298507
0.327821
0.254984
0.293379
0.545858
0.415261
0.445184
0.417204
0.327991
0.305405
0.343184
0.427402
0.343508
0.383395
0.278513
0.376156
0.252895
0.364876
0.380195
0.227097
0.330164
0.260673
0.442494
0.336759
0.390729
0.273135
0.349745
0.428057
0.413535
0.425500
0.335935
0.348995
0.308466
0.291151
0.249888
0.324358
0.299183
0.371493
0.271433
0.292816
0.247929
0.298705
0.405238
0.309031
0.227686
0.319009
0.304905
0.260135
0.366468
0.303303
0.171653
0.413941
0.371688
0.218769
0.296001
0.375356
0.242559
0.287159
0.507779
0.386358
0.397226
0.347509
0.330001
0.297091
0.411134
0.228272
0.384974
0.363762
0.325862
0.416248
0.265808
0.254387
0.394948
0.419430
0.293441
0.425452
0.449940
0.290240
0.461864
0.434954
0.434827
0.279324
0.290080
0.404157
0.288586
0.443659
0.399744
0.461555
0.502956
0.322711
0.358877
0.355758
0.324057
0.272170
0.482773
0.320590
0.472575
0.431808
0.394182
0.349434
0.384667
0.378572
0.411952
0.349316
0.402043
0.287614
0.401511
0.433541
0.352775
0.336236
0.329527
0.297513
0.295110
0.313596
0.355547
0.375271
0.360199
0.373165
0.340689
0.349266
0.277730
0.342939
0.253859
0.351954
0.317676
0.237704
0.333204
0.277079
0.352746
0.246882
0.344884
0.338881
0.443317
0.405881
0.303165
0.478828
0.500277
0.387600
0.428992
0.294474
0.317697
0.389926
0.444739
0.284616
0.586072
0.246055
0.289900
0.324926
0.371681
0.294324
0.399063
0.376706
0.486145
0.431472
0.415197
0.455143
0.451356
0.276985
0.449856
0.412144
0.429544
0.383423
0.322065
0.329963
0.210715
0.399783
0.308756
0.439300
0.436792
0.495271
0.384502
0.420363
0.369736
0.412196
0.407654
0.311534
0.374261
0.408387
0.304030
0.484671
0.442279
0.310863
0.379351
0.320832
0.291335
0.373789
0.391188
0.319133
0.426038
0.392497
0.301054
0.314141
0.458566
0.246315
0.384004
0.402358
0.336338
0.264797
0.336867
0.304109
0.446138
0.366582
0.291993
0.339604
0.308000
0.292312
0.461282
0.264218
0.494204
0.319013
0.390564
0.468002
0.336340
0.341833
0.329878
0.340002
0.314444
0.438000
0.249999
0.239579
0.340132
0.310056
0.246946
0.258373
0.480039
0.374403
0.349671
0.280004
0.361591
0.286823
0.442667
0.338732
0.245844
0.428943
0.477458
0.410911
0.370813
0.238598
0.353767
0.418312
0.292408
0.290089
0.358032
0.446524
0.380182
0.345245
0.334211
0.380178
0.388497
0.383980
0.211702
0.238181
0.307976
0.270311
0.280181
0.268337
0.241730
0.262354
0.466544
0.454417
0.375041
0.516908
0.347862
0.303548
0.499225
0.304551
0.308519
0.577294
0.304704
0.422417
0.498521
0.528711
0.438660
0.228778
0.316311
0.413842
0.359703
0.377303
0.363151
0.405708
0.471812
0.327006
0.309333
0.339137
0.329704
0.376753
0.387622
0.285872
0.502011
0.364587
0.324333
0.262277
0.384532
0.394548
0.237197
0.393083
0.424668
0.259396
0.349023
0.331175
0.271948
0.390879
0.417955
0.224171
0.314190
0.308315
0.381462
0.341166
0.340766
0.329593
0.476198
0.343434
0.376086
0.433524
0.357607
0.463418
0.284877
0.332282
0.374858
0.349588
0.265087
0.375265
0.324168
0.327264
0.499830
0.464926
0.341548
0.438441
0.416624
0.304157
0.343686
0.401114
0.294884
0.430270
0.272115
0.320587
0.395943
0.330409
0.279835
0.294898
0.427695
0.258961
0.308976
0.333118
0.296432
0.238204
0.337357
0.371724
0.518775
0.558250
0.425012
0.366710
0.374442
0.250677
0.352888
0.439919
0.346722
0.327694
0.256555
0.546380
0.456647
0.350654
0.263391
0.423200
0.448204
0.415843
0.301908
0.376492
0.237772
0.328854
0.231671
0.357058
0.440297
0.323400
0.433537
0.257902
0.334192
0.405761
0.354458
0.244289
0.178347
0.357929
0.434140
0.387883
0.343109
0.201719
0.199174
0.400447
0.242273
0.316245
0.274871
0.228768
0.204273
0.438258
0.387672
0.397335
0.335490
0.356834
0.317184
0.319637
0.264345
0.365952
0.396909
0.367031
0.290326
0.416351
0.516457
0.373848
0.299516
0.274782
0.374211
0.441789
0.343572
0.318004
0.284610
0.357964
0.286887
0.368971
0.417955
0.397819
0.418081
0.300439
0.435900
0.306631
0.353950
0.193421
0.321120
0.327528
0.256611
0.297908
0.386640
0.313163
0.343075
0.268956
0.348667
0.251543
0.311818
0.302703
0.448232
0.274586
0.349921
0.251679
0.385719
0.331626
0.316782
0.241148
0.244663
0.247644
0.262749
0.387568
0.441961
0.335395
0.342884
0.459992
0.227678
0.317303
0.478985
0.456563
0.326900
0.330318
0.196067
0.402345
0.450426
0.343623
0.273599
0.304676
0.299455
0.291900
0.397557
0.308745
0.552495
0.366347
0.288809
0.309825
0.373828
0.317972
0.347410
0.446080
0.314516
0.372150
0.487497
0.425325
0.321808
0.332284
0.343719
0.348713
0.284481
0.313904
0.247634
0.344353
0.360275
0.294423
0.283840
0.328617
0.453558
0.285421
0.333089
0.358140
0.282701
0.288020
0.423970
0.397050
0.331335
0.345179
0.201775
0.356624
0.330132
0.363802
0.296371
0.360215
0.350716
0.287984
0.324140
0.483681
0.388244
0.403003
0.292980
0.206540
0.420168
0.336700
0.458011
0.304490
0.358942
0.274699
0.306554
0.381956
0.303295
0.270437
0.292525
0.323388
0.265905
0.328418
0.281387
0.266449
0.447249
0.455571
0.326748
0.485640
0.239198
0.348463
0.335045
0.364689
0.466438
0.395479
0.358551
0.378477
0.450623
0.364226
0.394374
0.329534
0.310252
0.359029
0.337405
0.248384
0.317712
0.275713
0.376707
0.325203
0.341170
0.336518
0.325976
0.346547
0.363674
0.256622
0.319272
0.344546
0.331453
0.254247
0.385692
0.401809
0.363903
0.174718
0.235316
0.274521
0.314586
0.285037
0.461380
0.405355
0.209901
0.292921
0.312666
0.404054
0.284778
0.281618
0.376905
0.319344
0.400999
0.362360
0.372784
0.347407
0.144213
0.340632
0.337540
0.370557
0.406224
0.329936
0.276007
0.335695
0.296696
0.243542
0.381247
0.295229
0.332401
0.325346
0.331722
0.269904
0.336531
0.422204
0.367426
0.472484
0.411797
0.447466
0.287821
0.324832
0.255970
0.322883
0.251327
0.510112
0.438829
0.151126
0.384431
0.444289
0.229985
0.261036
0.338515
0.294129
0.292662
0.349890
0.299478
0.234919
0.228101
0.316801
0.234336
0.339125
0.207575
0.229364
0.479014
0.289128
0.266934
0.398655
0.290504
0.276670
0.353419
0.342844
0.303167
0.349435
0.449450
0.532884
0.463448
0.288756
0.384927
0.356293
0.351869
0.308662
0.413227
0.338944
0.412961
0.351888
0.342796
0.474435
0.361910
0.360323
0.260722
0.316404
0.348577
0.319311
0.398284
0.193895
0.346767
0.317480
0.401878
0.402731
0.324123
0.355708
0.390515
0.414214
0.469809
0.477575
0.396902
0.338579
0.370540
0.615796
0.443268
0.462727
0.426957
0.464107
0.361337
0.296232
0.366825
0.364168
0.350050
0.408296
0.209536
0.362704
0.321293
0.353000
0.333795
0.304760
0.447692
0.363953
0.369296
0.362462
0.326452
0.363555
0.316463
0.408161
0.341389
0.380915
0.235562
0.216819
0.398493
0.409177
0.426878
0.274062
0.472239
0.381863
0.271925
0.407390
0.391744
0.215234
0.408099
0.257823
0.515032
0.274762
0.426467
0.294227
0.290269
0.412651
0.348850
0.374564
0.261124
0.421539
0.360067
0.461308
0.342721
0.237374
0.335255
0.441874
0.362791
0.314442
0.332512
0.475238
0.282166
0.432649
0.283009
0.213604
0.299651
0.240474
0.308809
0.268121
0.310621
0.302625
0.407093
0.339250
0.333565
0.177502
0.313411
0.514332
0.437236
0.297052
0.352242
0.314392
0.170901
0.419351
0.390047
0.378523
0.313068
0.251766
0.306997
0.355191
0.291521
0.322117
0.359318
0.285864
0.338753
0.357311
0.222883
0.396942
0.306032
0.312057
0.328225
0.409028
0.303669
0.257614
0.258142
0.195413
0.236906
0.249491
0.355955
0.230192
0.458207
0.182032
0.323404
0.374755
0.522930
0.573331
0.346377
0.207682
0.273215
0.371393
0.356566
0.298894
0.338684
0.326910
0.297043
0.299425
0.228913
0.350321
0.306981
0.379205
0.383229
0.348248
0.306219
0.400436
0.282308
0.211609
0.492432
0.319998
0.253264
0.338159
0.375866
0.371421
0.391151
0.335453
0.297040
0.335877
0.416790
0.333695
0.377178
0.268017
0.402273
0.413534
0.229112
0.275958
0.285181
0.562445
0.265059
0.230712
0.365751
0.299451
0.361802
0.337446
0.441219
0.384291
0.199148
0.204600
0.354923
0.218216
0.294050
0.330276
0.314479
0.362857
0.261981
0.337727
0.350046
0.364618
0.378873
0.211227
0.305917
0.339954
0.304085
0.288497
0.227927
0.388562
0.274232
0.285895
0.257330
0.211082
0.409994
0.248061
0.329241
0.434169
0.261993
0.266328
0.303098
0.326985
0.381457
0.274077
0.323549
0.193440
0.339476
0.381688
0.283296
0.278514
0.354790
0.237520
0.288316
0.248958
0.292851
0.221884
0.383184
0.384287
0.378274
0.407963
0.401709
0.309842
0.229493
0.429045
0.309149
0.287138
0.393580
0.295545
0.324553
0.366936
0.436446
0.254052
0.222741
0.256373
0.394213
0.358450
0.315377
0.406750
0.202517
0.367277
0.274506
0.309086
0.316342
0.286770
0.306991
0.321218
0.296459
0.460380
0.361905
0.482072
0.285891
0.223407
0.311907
0.310552
0.460800
0.317046
0.391863
0.308635
0.325737
0.216659
0.433140
0.307461
0.381732
0.471667
0.405393
0.314803
0.608341
0.289424
0.250429
0.239933
0.285600
0.236402
0.338147
0.365353
0.344737
0.255146
0.215130
0.336518
0.252452
0.426022
0.286962
0.277667
0.276516
0.199078
0.183579
0.295775
0.275739
0.315367
0.216250
0.352843
0.258097
0.399231
0.284200
0.350433
0.262202
0.298215
0.319941
0.417383
0.311267
0.352452
0.455697
0.305674
0.321454
0.344518
0.208326
0.308364
0.228879
0.481280
0.249050
0.265451
0.228494
0.371988
0.480704
0.327490
0.420373
0.401490
0.367156
0.329375
0.448836
0.326813
0.461301
0.316691
0.265171
0.432321
0.379932
0.327962
0.273011
0.292995
0.404467
0.299878
0.304252
0.363096
0.288830
0.496555
0.511843
0.244650
0.227613
0.304358
0.370007
0.398204
0.520630
0.366823
0.252295
0.293739
0.333954
0.473323
0.493252
0.277250
0.316118
0.361158
0.218295
0.438392
0.300137
0.316542
0.291948
0.438625
0.398272
0.213558
0.235813
0.331190
0.434990
0.202977
0.411746
0.268460
0.288441
0.211707
0.324317
0.227292
0.375867
0.437728
0.417185
0.315033
0.362206
0.213578
0.310479
0.404420
0.485168
0.276361
0.375090
0.270157
0.344465
0.437570
0.264763
0.240151
0.336615
0.376457
0.411827
0.338021
0.404069
0.407517
0.291379
0.350255
0.399268
0.461124
0.368591
0.359998
0.287844
0.368599
0.497578
0.335706
0.346449
0.353474
0.310628
0.385949
0.277231
0.390084
0.302096
0.343902
0.292696
0.301592
0.399525
0.356399
0.291677
0.395149
0.464875
0.332078
0.320541
0.288526
0.242709
0.267969
0.275231
0.265460
0.327446
0.322116
0.287444
0.204440
0.213667
0.344190
0.343336
0.292234
0.278889
0.225495
0.237712
0.407861
0.362751
0.374893
0.196143
0.312393
0.420332
0.364978
0.232087
0.150262
0.325474
0.454543
0.324167
0.406511
0.321001
0.239962
0.244381
0.277688
0.271203
0.203929
0.238135
0.257241
0.348657
0.454781
0.339012
0.403198
0.336702
0.308716
0.324911
0.379928
0.230870
0.239394
0.493806
0.319448
0.436137
0.472718
0.502033
0.202135
0.270749
0.324129
0.377641
0.196823
0.354868
0.246543
0.465059
0.305563
0.236017
0.198369
0.517699
0.300474
0.381185
0.213014
0.248735
0.236303
0.267007
0.332122
0.309319
0.258472
0.343830
0.318653
0.245467
0.233031
0.382690
0.318452
0.266480
0.282520
0.200973
0.291929
0.264089
0.244327
0.308304
0.321724
0.311722
0.285688
0.281781
0.205299
0.129614
0.286116
0.305234
0.244761
0.318829
0.277864
0.328688
0.319527
0.266139
0.337732
0.184377
0.239156
0.218777
0.283607
0.328717
0.204413
0.335234
0.453827
0.301892
0.295685
0.349213
0.263120
0.281995
0.279151
0.375585
0.241927
0.267502
0.289850
0.228595
0.244670
0.334229
0.374004
0.273370
0.441735
0.248390
0.244461
0.372748
0.239848
0.280804
0.303487
0.288737
0.198304
0.161467
0.224670
0.290949
0.335661
0.354923
0.277901
0.249601
0.401825
0.270897
0.194495
0.396069
0.269056
0.370551
0.239477
0.305342
0.258613
0.372806
0.285842
0.249050
0.345006
0.330384
0.448411
0.248395
0.339617
0.232814
0.336678
0.257332
0.204278
0.362551
0.409067
0.317686
0.271676
0.313025
0.293044
0.288453
0.301522
0.171063
0.214730
0.173440
0.207922
0.378956
0.294845
0.399439
0.419842
0.356943
0.425513
0.467629
0.322630
0.353088
0.193217
0.209904
0.437128
0.358940
0.201147
0.473341
0.439200
0.286050
0.435554
0.325203
0.440248
0.265724
0.320267
0.408742
0.345748
0.244387
0.282977
0.212423
0.240619
0.369706
0.410011
0.242547
0.304219
0.240222
0.288797
0.289053
0.189830
0.361392
0.351266
0.261849
0.419598
0.315653
0.278618
0.339910
0.315268
0.304203
0.321505
0.322622
0.386257
0.339976
0.365230
0.294901
0.389437
0.300884
0.221153
0.401184
0.346050
0.406540
0.295759
0.284439
0.218004
0.298384
0.316644
0.291668
0.358750
0.342703
0.394018
0.248218
0.406247
0.332214
0.209701
0.323105
0.354475
0.389327
0.351048
0.264150
0.474016
0.417964
0.465619
0.278595
0.395611
0.331452
0.306004
0.364166
0.336681
0.263624
0.359425
0.325042
0.261183
0.389956
0.369111
0.281718
0.293963
0.342732
0.276119
0.314787
0.259838
0.345151
0.477789
0.330358
0.501639
0.125744
0.366585
0.315971
0.217706
0.450199
0.264362
0.217812
0.302304
0.331376
0.347742
0.222066
0.398662
0.223760
0.314066
0.294441
0.355498
0.287615
0.263175
0.203819
0.336436
0.281167
0.286677
0.416387
0.316212
0.341575
0.270233
0.286821
0.473176
0.365038
0.403588
0.305644
0.303940
0.413123
0.385943
0.270343
0.254205
0.373629
0.235194
0.227826
0.189666
0.393557
0.318935
0.330645
0.384853
0.204013
0.350899
0.547051
0.434133
0.259311
0.406288
0.322374
0.270206
0.317967
0.253830
0.303684
0.241287
0.351347
0.295095
0.371395
0.290981
0.378340
0.265580
0.253347
0.369379
0.439686
0.399026
0.267194
0.363974
0.360256
0.373454
0.350709
0.270795
0.297570
0.381136
0.277317
0.280342
0.324801
0.257080
0.484388
0.369154
0.330161
0.230316
0.307693
0.307781
0.333193
0.259476
0.269749
0.203463
0.374056
0.257818
0.320475
0.431753
0.320011
0.292779
0.351977
0.295310
0.295432
0.384058
0.275862
0.246355
0.301978
0.403590
0.328834
0.318644
0.346461
0.401309
0.310967
0.263049
0.301666
0.193555
0.422220
0.402798
0.214828
0.359656
0.215171
0.433748
0.243019
0.304489
0.419410
0.438107
0.368958
0.418004
0.357366
0.213829
0.255452
0.479432
0.349303
0.349952
0.424754
0.347558
0.305635
0.308028
0.380975
0.333512
0.258018
0.263841
0.203865
0.259614
0.320008
0.274540
0.220348
0.553778
0.303475
0.283974
0.166173
0.287325
0.222731
0.322480
0.288422
0.365575
0.435317
0.168714
0.226120
0.545478
0.250556
0.228831
0.464769
0.254463
0.284604
0.216171
0.308984
0.252372
0.287878
0.244960
0.298972
0.231340
0.298089
0.241238
0.312491
0.308883
0.259402
0.265086
0.172975
0.165325
0.286812
0.366841
0.345903
0.377829
0.177111
0.292178
0.341812
0.379952
0.328122
0.199752
0.315716
0.284300
0.255762
0.361730
0.277854
0.280102
0.281325
0.157189
0.251580
0.264727
0.299282
0.313893
0.330735
0.267265
0.260015
0.321022
0.241277
0.251306
0.288698
0.227982
0.193131
0.265122
0.261904
0.253635
0.336695
0.228401
0.255629
0.446995
0.287798
0.232996
0.396621
0.338103
0.317154
0.244845
0.301081
0.209613
0.310589
0.417844
0.250582
0.189117
0.271400
0.281842
0.324074
0.326627
0.187433
0.249824
0.407165
0.169995
0.232751
0.217641
0.430092
0.346085
0.236112
0.161405
0.247771
0.240010
0.386633
0.266303
0.229012
0.299093
0.324641
0.232125
0.356977
0.310891
0.214223
0.336635
0.342452
0.261293
0.363413
0.255547
0.339333
0.332663
0.279107
0.207541
0.344063
0.239487
0.273673
0.300745
0.352362
0.389316
0.395551
0.285980
0.250468
0.331369
0.194030
0.324460
0.262605
0.341593
0.236106
0.191834
0.354307
0.188527
0.218760
0.249236
0.420104
0.191113
0.281847
0.315524
0.266550
0.430504
0.205801
0.324875
0.262872
0.211854
0.495018
0.371236
0.269920
0.313366
0.348402
0.255838
0.183412
0.318191
0.319935
0.395652
0.261058
0.246001
0.361730
0.312829
0.419094
0.283620
0.283164
0.284097
0.178344
0.309157
0.177407
0.254445
0.345629
0.184126
0.422621
0.337119
0.218369
0.282867
0.288392
0.274162
0.349324
0.292525
0.423174
0.329709
0.264785
0.371712
0.202334
0.401883
0.245339
0.230661
0.267396
0.286728
0.411524
0.259820
0.306870
0.356290
0.246857
0.287481
0.185302
0.351620
0.210558
0.370009
0.365535
0.340374
0.216898
0.249201
0.276702
0.345823
0.183235
0.372909
0.253463
0.303718
0.363298
0.170883
0.344020
0.300679
0.162840
0.243073
0.404749
0.266371
0.342362
0.368904
0.312752
0.279713
0.155251
0.234058
0.390401
0.245304
0.270562
0.317830
0.232275
0.288440
0.246633
0.279748
0.206705
0.216444
0.272594
0.311927
0.229293
0.285478
0.254267
0.313326
0.226901
0.246767
0.250899
0.337730
0.258439
0.390582
0.376915
0.275964
0.315177
0.323891
0.386649
0.258086
0.253559
0.396692
0.309392
0.328427
0.293657
0.225587
0.213872
0.227695
0.290867
0.184864
0.359008
0.376660
0.359294
0.293839
0.295299
0.258166
0.252710
0.225818
0.272470
0.326602
0.227462
0.235737
0.269407
0.389905
0.381322
0.353187
0.477640
0.403992
0.205352
0.357865
0.191764
0.306590
0.295214
0.332396
0.305202
0.265585
0.298393
0.288509
0.310500
0.308422
0.264324
0.319860
0.329740
0.359746
0.350608
0.177656
0.192031
0.322412
0.343109
0.331305
0.243889
0.431961
0.242560
0.409839
0.181428
0.252169
0.365102
0.452300
0.506395
0.339827
0.338176
0.319039
0.409731
0.223555
0.300710
0.316334
0.207421
0.227396
0.311279
0.250910
0.290862
0.368284
0.431003
0.255928
0.299679
0.239376
0.258001
0.340717
0.340669
0.265888
0.285913
0.294352
0.326434
0.363561
0.341412
0.201705
0.241524
0.294025
0.319078
0.334952
0.213745
0.191202
0.411713
0.295468
0.310185
0.274933
0.160585
0.282425
0.304695
0.256942
0.465455
0.377128
0.292471
0.370121
0.292491
0.335157
0.456487
0.370595
0.316980
0.258210
0.282901
0.350965
0.308165
0.264008
0.197784
0.312453
0.234628
0.398808
0.311984
0.156632
0.260154
0.207570
0.283277
0.308064
0.305049
0.340530
0.378206
0.247241
0.394573
0.247223
0.442328
0.282791
0.210977
0.316994
0.267571
0.279168
0.287059
0.264703
0.243220
0.324556
0.429135
0.343457
0.319834
0.389199
0.256898
0.332017
0.377798
0.635172
0.227451
0.253302
0.200846
0.501543
0.282006
0.322730
0.274269
0.333597
0.278032
0.237937
0.256894
0.496958
0.194618
0.351959
0.214122
0.245763
0.207755
0.259356
0.262319
0.318274
0.282662
0.255359
0.339149
0.301687
0.386671
0.314459
0.216821
0.230092
0.230529
0.252555
0.346188
0.269456
0.201676
0.272576
0.357876
0.191007
0.229319
0.316316
0.228038
0.270772
0.368933
0.328810
0.302826
0.254388
0.348101
0.269780
0.242006
0.286556
0.267773
0.334390
0.227440
0.335604
0.301132
0.253521
0.230919
0.274597
0.302551
0.262376
0.184721
0.217594
0.218039
0.290832
0.222570
0.190835
0.389837
0.266170
0.234577
0.252290
0.330658
0.206099
0.228416
0.139304
0.232969
0.286065
0.311568
0.201733
0.254431
0.187944
0.305826
0.260097
0.397010
0.292409
0.249886
0.171168
0.212544
0.200344
0.213122
0.274979
0.313334
0.310716
0.356948
0.392542
0.320180
0.313041
0.134613
0.212574
0.294782
0.298031
0.303800
0.243553
0.275895
0.266961
0.481825
0.318261
0.245927
0.246078
0.351326
0.319459
0.287011
0.238757
0.320658
0.281064
0.220783
0.220590
0.304292
0.258743
0.311350
0.303165
0.266218
0.304411
0.275779
0.277684
0.151773
0.289774
0.380106
0.191696
0.164821
0.185905
0.255075
0.331451
0.168089
0.260709
0.415060
0.311236
0.192447
0.309974
0.304146
0.274219
0.320469
0.291531
0.290132
0.450170
0.345953
0.222019
0.198845
0.308732
0.254252
0.441082
0.293932
0.223114
0.329004
0.292014
0.235924
0.306034
0.259437
0.302159
0.257597
0.267294
0.214478
0.372866
0.297846
0.323452
0.250012
0.197071
0.291775
0.200782
0.242167
0.241257
0.240788
0.206869
0.260929
0.255200
0.185479
0.413470
0.328596
0.287292
0.275051
0.305583
0.249087
0.367155
0.269531
0.262731
0.359163
0.321282
0.285980
0.266556
0.331778
0.359886
0.282091
0.374315
0.286556
0.381301
0.289018
0.246884
0.304243
0.185284
0.259810
0.390000
0.309879
0.207297
0.332754
0.266630
0.241959
0.244393
0.292456
0.254448
0.290521
0.372931
0.351378
0.365706
0.266663
0.221792
0.239405
0.306007
0.349675
0.258470
0.299490
0.235438
0.274717
0.295225
0.276916
0.318522
0.264462
0.398592
0.297989
0.343432
0.291264
0.381925
0.288480
0.270602
0.196462
0.313567
0.284553
0.284235
0.481227
0.305666
0.246263
0.218210
0.367022
0.317577
0.388916
0.302599
0.225791
0.278737
0.305525
0.287721
0.235113
0.228636
0.392962
0.304778
0.390881
0.274838
0.265402
0.322158
0.297366
0.300139
0.282622
0.230757
0.286107
0.343959
0.259434
0.400122
0.246932
0.336233
0.316607
0.414351
0.416684
0.395537
0.276193
0.358856
0.288626
0.362749
0.300562
0.367951
0.429555
0.356121
0.258559
0.269744
0.333046
0.184852
0.267291
0.224504
0.286026
0.275998
0.283920
0.262996
0.136281
0.172045
0.272966
0.268405
0.279878
0.217171
0.281245
0.179406
0.271481
0.231200
0.235253
0.270540
0.271158
0.269338
0.105124
0.234510
0.220687
0.290827
0.138849
0.411505
0.293630
0.293096
0.158079
0.274378
0.236389
0.255980
0.288284
0.380616
0.469784
0.277819
0.258935
0.288436
0.416718
0.338457
0.304705
0.421331
0.304474
0.211139
0.257831
0.389914
0.213134
0.372668
0.182181
0.393143
0.409412
0.272937
0.319643
0.330289
0.362977
0.319814
0.349589
0.170112
0.338351
0.231979
0.356360
0.432705
0.279393
0.307049
0.366266
0.295447
0.365194
0.202607
0.327578
0.307266
0.347539
0.280629
0.163138
0.274981
0.329004
0.258009
0.297707
0.360388
0.263647
0.253442
0.365013
0.196538
0.238287
0.260153
0.348300
0.284441
0.225637
0.168011
0.247182
0.261428
0.281118
0.261632
0.350174
0.261098
0.244522
0.199449
0.251051
0.252386
0.275812
0.382256
0.534047
0.303669
0.194183
0.191585
0.225680
0.221823
0.418372
0.384720
0.295765
0.420387
0.288019
0.361449
0.214433
0.373027
0.333425
0.308784
0.186321
0.294174
0.307156
0.287200
0.266889
0.196435
