2.302972
2.402781
2.301968
2.303993
2.302526
2.305716
2.301363
2.300981
2.301574
2.300848
2.300875
2.297554
2.286692
2.265964
2.285531
2.291903
2.291777
2.277634
2.239331
2.253001
2.254801
2.233938
2.349226
2.272447
2.260472
2.281620
2.266586
2.257635
2.225987
2.191040
2.274388
2.226591
2.216919
2.229239
2.207784
2.187072
2.220335
2.172193
2.184919
2.174131
2.185498
2.155660
2.063767
2.181544
2.094133
2.123361
2.092406
2.108219
2.072406
2.056835
2.089719
2.011310
1.991372
2.046578
2.186318
2.071690
2.062516
2.143742
2.095863
2.154497
2.165005
2.127388
2.044000
2.013153
2.013752
1.994852
2.066477
1.997624
2.037443
2.038971
2.066013
2.126156
2.077939
2.065555
1.970665
2.033036
1.999124
1.948459
1.936200
1.898938
2.072226
1.889438
2.021540
1.879053
2.099250
2.047101
1.976642
1.994964
2.039765
1.858508
1.988833
1.869978
2.008202
1.978338
1.840093
1.917154
2.022900
1.951872
1.918082
1.949218
2.012115
1.900749
1.953494
2.021338
1.969001
1.906297
1.944333
1.932272
1.901088
1.869381
1.925666
1.958015
2.040099
2.080635
1.908909
1.952614
2.002470
1.901633
1.983041
1.982808
2.099551
1.946617
1.860778
1.991150
2.013556
1.924978
1.929657
1.949448
1.893909
1.898136
2.025247
1.846482
1.894239
1.860463
1.915567
1.876534
1.932962
1.832358
1.949723
1.855746
1.928987
1.870123
1.810287
1.806830
1.733878
1.986846
1.789848
1.991496
1.762636
1.825729
2.010294
1.887317
1.933541
2.054116
1.948342
1.907718
1.927716
1.918786
1.967570
1.842798
1.885382
1.963707
1.980688
1.915956
1.943372
1.937042
1.853462
1.905217
1.837260
1.861791
1.876825
1.814175
1.889976
1.883781
1.882113
1.744204
1.813130
1.721480
1.751926
1.789620
1.769272
1.891426
1.864631
1.793472
1.786873
1.763412
1.719945
1.813973
1.771451
1.671632
1.896266
1.854235
2.043330
1.789159
1.740318
1.759850
1.904508
1.785160
1.758309
1.795890
1.734513
1.753660
1.808181
1.753858
1.784239
1.785714
1.751112
1.692982
1.887663
1.811994
1.782479
1.836985
1.707506
1.825243
1.772462
1.827759
1.660312
1.897785
1.732982
1.801355
1.692042
1.740420
1.642125
1.547901
1.665887
1.612545
1.831035
1.891674
1.791553
1.778234
1.750232
1.872092
1.732870
1.759839
1.720177
1.686351
1.568315
1.685486
1.626023
1.721533
1.732572
1.742932
1.707663
1.610855
1.804632
1.667480
1.635725
1.728027
1.759748
1.636645
1.684856
1.661730
1.720568
1.693721
1.666685
1.675240
1.623768
1.557747
1.744189
1.513504
1.720195
1.488769
1.682773
1.606054
1.574821
1.718743
1.615420
1.724753
1.635962
1.614160
1.516890
1.636723
1.822368
1.651357
1.696344
1.751825
1.699950
1.721368
1.680169
1.621911
1.683033
1.769464
1.575663
1.515851
1.706954
1.795176
1.646860
1.849429
1.847469
1.574322
1.657160
1.642883
1.642585
1.623443
1.709321
1.542126
1.663172
1.645357
1.656463
1.609497
1.546659
1.545376
1.741238
1.661867
1.753681
1.765874
1.669804
1.658664
1.600542
1.560930
1.460989
1.657122
1.771734
1.594899
1.679515
1.477230
1.598985
1.490642
1.692586
1.723754
1.636503
1.576855
1.543991
1.730149
1.590368
1.618005
1.610576
1.618291
1.750570
1.570054
1.688020
1.487381
1.537186
1.592890
1.633152
1.715967
1.673615
1.531524
1.552890
1.540169
1.627013
1.634935
1.658771
1.441982
1.618723
1.704552
1.535231
1.515199
1.566747
1.615904
1.515309
1.713712
1.439175
1.677028
1.681262
1.632609
1.474997
1.536481
1.486283
1.585363
1.566213
1.551336
1.457262
1.517094
1.547763
1.864197
1.592325
1.618764
1.608806
1.594833
1.559305
1.656392
1.733854
1.653562
1.635237
1.546607
1.668301
1.611903
1.669015
1.591865
1.458716
1.460548
1.487993
1.399469
1.521760
1.628417
1.508688
1.577012
1.588959
1.448534
1.889809
1.632764
1.678461
1.445098
1.546135
1.411973
1.567980
1.626771
1.612597
1.590247
1.700695
1.466884
1.480251
1.632476
1.512690
1.451229
1.516223
1.557235
1.559232
1.436850
1.475386
1.519894
1.478579
1.519443
1.566377
1.685605
1.414683
1.491509
1.271184
1.527219
1.408251
1.478644
1.654748
1.418764
1.471941
1.665481
1.551865
1.722571
1.511812
1.451507
1.518627
1.553151
1.554121
1.503487
1.471434
1.557855
1.608329
1.312485
1.576166
1.640892
1.640288
1.549555
1.550088
1.617457
1.598134
1.520877
1.536788
1.436651
1.565389
1.551094
1.534613
1.434095
1.516855
1.537435
1.744488
1.476809
1.661355
1.720921
1.484633
1.431170
1.509829
1.568433
1.530494
1.569791
1.557335
1.471495
1.473055
1.484639
1.399516
1.473300
1.519986
1.456784
1.423352
1.320414
1.431525
1.560365
1.345264
1.511822
1.635405
1.608327
1.461814
1.508193
1.497060
1.447576
1.434910
1.500584
1.499614
1.600451
1.406377
1.574868
1.661268
1.553885
1.479449
1.410147
1.556009
1.371986
1.437365
1.622014
1.388808
1.248027
1.396188
1.445317
1.561467
1.373740
1.582714
1.424268
1.480481
1.411337
1.528838
1.484164
1.340226
1.394600
1.430923
1.319985
1.514188
1.324516
1.396238
1.378744
1.636295
1.380516
1.539950
1.591634
1.739275
1.467331
1.229274
1.484255
1.442025
1.240899
1.417634
1.446199
1.394936
1.357112
1.459841
1.572469
1.427688
1.433280
1.539677
1.327973
1.557066
1.663070
1.520051
1.281324
1.411079
1.537531
1.489432
1.443808
1.355719
1.547325
1.487645
1.338610
1.205265
1.535569
1.266893
1.328489
1.484603
1.378111
1.524431
1.642535
1.531985
1.457056
1.470299
1.380188
1.398301
1.505090
1.360022
1.428539
1.426818
1.373426
1.402246
1.496253
1.525896
1.468805
1.411393
1.234679
1.507064
1.438616
1.484967
1.366671
1.458880
1.451398
1.332121
1.424776
1.207394
1.309879
1.499393
1.339424
1.395038
1.446304
1.383719
1.302264
1.324747
1.388819
1.335468
1.298708
1.290184
1.337119
1.406659
1.406759
1.530695
1.385442
1.244017
1.450855
1.582512
1.255437
1.464817
1.456755
1.325394
1.326713
1.374429
1.314830
1.356199
1.285653
1.259266
1.244786
1.404068
1.348602
1.371143
1.405542
1.039607
1.413557
1.122061
1.453490
1.319906
1.516991
1.323084
1.361638
1.442232
1.246557
1.498401
1.482952
1.401147
1.412763
1.242183
1.284405
1.239416
1.167597
1.183487
1.211096
1.283754
1.387172
1.324758
1.281952
1.204285
1.472291
1.135564
1.335686
1.222334
1.458972
1.372181
1.260529
1.231218
1.405065
1.405959
1.437483
1.255703
1.430256
1.384428
1.433348
1.245530
1.331569
1.388732
1.452723
1.314011
1.339286
1.371517
1.201215
1.444790
1.311774
1.247938
1.428282
1.272411
1.297185
1.397374
1.339868
1.535886
1.442288
1.349908
1.214283
1.444999
1.437401
1.561068
1.309358
1.362106
1.278113
1.249715
1.153424
1.259526
1.442696
1.247277
1.088590
1.582488
1.017681
1.421390
1.280771
1.292893
1.049851
1.241320
1.413052
1.436711
1.320092
1.122178
1.431309
1.330383
1.188890
1.398755
1.345208
1.217401
1.223389
1.239748
1.299560
1.133982
1.092377
1.307523
1.329679
1.160921
1.294725
1.262970
1.069332
1.219608
1.175901
1.354541
1.360782
1.264196
1.341729
1.316720
1.331723
1.401085
1.305748
1.410192
1.373151
1.437069
1.203305
1.433691
1.383276
1.330286
1.429012
1.318667
1.388755
1.232213
1.257441
1.263736
1.219685
1.332578
1.213872
1.494736
1.232664
1.163077
1.285871
1.183297
1.213891
1.306790
1.295532
1.202590
1.275565
1.324422
1.162678
1.099072
1.310115
1.230815
1.069495
1.218746
1.254875
1.393237
1.186929
1.266543
1.304295
1.106321
1.353648
1.236823
1.174317
1.087234
1.298898
1.372219
1.040811
1.369550
1.323125
1.470856
1.362632
1.220482
1.238102
1.268823
1.251364
1.240940
1.393252
1.352603
1.292786
1.189328
1.474702
1.290664
1.225019
1.346419
1.266604
1.368110
1.253862
1.311354
1.196071
1.291089
1.235536
1.276349
0.981397
1.249018
1.088289
1.112390
1.175745
1.252016
1.327746
1.368686
1.086235
1.263552
1.117563
1.090272
1.007988
1.110804
1.179638
1.265499
0.973439
1.205182
1.064819
1.232166
1.222598
1.228741
1.190606
1.220031
1.337467
1.377128
1.359001
1.193486
1.368379
1.215689
1.421768
1.273084
1.282605
1.384364
1.222063
1.045843
1.060242
1.132720
1.424069
1.105891
1.108356
1.288928
1.263457
1.239783
1.168954
1.164690
1.215358
1.279849
1.309654
1.272688
1.220739
1.194085
1.239530
1.155613
1.347743
1.230836
1.258041
1.209206
1.174045
1.254657
1.174784
1.035389
1.122662
1.068067
1.067608
1.179841
1.241484
1.085791
1.047734
1.298496
1.257393
1.179301
1.083251
1.127438
1.025651
1.112125
1.283690
1.064948
1.214424
1.303112
1.049740
1.037744
1.106411
1.279862
1.048911
1.059882
1.001726
1.083967
1.105916
1.162774
1.277709
1.124199
1.249899
1.091535
1.081716
1.183036
1.270529
1.309467
1.450170
1.325085
1.179311
1.107591
0.957171
1.268720
1.197636
1.187726
1.104131
1.040822
0.946880
1.012692
1.152612
1.326586
1.433567
1.246831
1.064686
1.058412
0.980504
1.266507
1.202941
1.263160
1.141988
1.096035
1.385784
1.037099
1.099128
1.111353
1.391442
1.282103
1.102810
1.184840
1.098298
1.246282
1.246962
1.169832
0.945340
1.145579
1.111765
1.060840
1.175148
1.144541
1.081347
1.138420
1.022568
1.187469
0.992370
1.067320
1.188707
1.111574
1.098886
1.063901
1.063855
1.318663
1.136354
0.965290
1.106403
1.137147
1.169074
1.225666
1.160293
1.056896
1.204634
1.127920
1.185720
0.990993
1.160728
1.088280
1.043164
0.918015
1.103192
1.152581
1.156791
1.188832
1.062832
1.081478
1.124094
1.115214
1.122343
1.267302
1.301850
1.126045
0.994166
1.106906
1.072349
1.027534
0.992390
1.245197
0.940404
1.446885
1.153225
1.169347
1.217411
1.089723
1.037789
1.084589
1.078342
1.192112
1.254464
1.061688
1.052076
1.041557
1.176844
0.982154
0.924087
1.317267
1.178110
0.976467
1.075972
1.132469
1.054872
1.023832
1.072459
1.169064
0.978182
1.081994
1.098862
1.133067
1.293607
1.057831
1.097157
1.028231
1.130777
1.218477
1.213836
0.896637
1.056729
1.075431
1.099175
1.046570
1.172238
1.063854
0.999449
1.125210
1.029339
0.965600
1.094499
0.974444
1.089834
1.174961
0.906554
1.042257
1.079797
1.127990
0.987787
0.814832
1.183023
1.120205
1.187177
1.110374
1.048541
1.072198
1.027408
1.100790
1.034990
0.966780
1.068557
1.056805
1.104860
1.046905
0.999828
1.084582
0.920536
0.877605
1.154509
1.149118
1.091389
1.079173
1.015712
1.135567
1.104395
1.160429
1.053488
1.049204
1.282335
1.135467
0.981049
1.097436
0.950704
0.906867
1.215869
0.869571
0.883159
0.976677
1.166606
0.826743
0.902973
1.202440
1.193019
1.089525
1.252490
1.124688
0.851454
1.132687
1.068794
1.088424
0.990754
1.088112
1.049531
1.103344
1.171127
1.073404
0.995288
1.078429
1.479592
1.084370
0.992842
1.083878
1.224746
0.917131
1.055212
1.235210
1.178335
1.060303
1.223042
1.009878
1.147637
1.000143
0.973046
1.179945
0.994416
1.178592
1.025904
1.083281
1.027086
0.869007
1.208502
1.264114
1.113619
1.050401
1.140101
1.039004
1.040528
0.965711
1.070530
1.046339
1.110480
1.027407
1.056853
0.997645
1.118705
1.041595
1.002566
0.988275
1.047204
1.268455
1.136683
1.036449
1.045438
1.179614
0.976233
0.938525
0.862447
0.942845
0.990919
1.034629
1.157698
1.015722
1.053033
1.001471
0.802246
0.927006
1.104248
0.971455
0.929808
1.091727
0.779201
1.040434
0.876870
0.836779
0.978542
1.070029
1.032724
1.032848
0.980232
0.922684
0.980239
0.847094
0.952407
1.081076
1.004771
1.043740
0.998151
0.988499
1.035554
1.054963
0.985377
0.934932
0.980681
1.058341
0.921776
1.082455
1.101467
0.913190
0.881792
1.146092
1.106083
0.990179
0.895149
1.119815
0.946682
0.812412
0.869402
0.904912
0.745995
1.024259
0.851314
0.940532
1.035875
1.066344
0.904734
0.948882
0.843613
1.001010
1.146630
0.820864
0.763489
0.924889
0.781214
1.151950
0.949197
1.094802
1.072760
0.904872
1.020546
0.930301
1.200395
0.944020
1.057391
1.141286
1.166427
0.953981
0.924220
1.111232
0.983821
0.859096
1.088959
0.903384
1.027968
1.115087
0.974163
1.229997
1.088300
0.842013
0.864309
0.997545
0.896172
1.039653
0.845642
0.935190
1.076046
0.780951
0.988119
0.801445
1.077476
1.042724
0.895631
0.889879
0.851096
1.117297
1.148552
0.962150
0.971917
0.920279
1.017357
0.962358
0.801193
1.091845
0.794320
1.005006
1.028725
1.037630
1.059330
0.971550
0.955345
0.889609
0.949498
0.933264
0.926234
0.873332
0.860729
0.921021
1.061102
1.115093
0.945291
1.037247
1.005471
0.901271
0.956727
0.921151
1.059211
0.956543
0.914595
1.025478
0.933175
0.892819
0.943946
1.183037
0.998150
1.103106
0.733451
1.261109
0.964467
0.829311
0.849390
0.825181
0.834145
0.986577
0.852003
0.951341
0.914431
0.927397
0.929710
0.971310
1.060429
0.764271
0.792628
0.890294
0.897104
0.893028
1.015247
1.013504
0.946961
1.201563
0.878748
1.031602
0.988874
1.035696
0.983450
0.815022
0.842628
0.967591
0.953619
0.979841
1.005374
0.870534
0.857130
0.819248
1.043551
0.936766
1.181443
1.042198
0.907428
0.867982
1.018770
0.904206
1.048369
0.902878
0.842678
1.176475
0.899597
0.864613
0.901588
0.995353
1.005230
0.808241
1.147928
0.864356
0.946351
1.038780
0.804955
0.923452
0.957651
0.975942
0.915621
0.952041
0.922274
0.926714
1.056135
0.910811
0.875656
0.976144
0.893019
1.215059
0.931782
1.054568
0.815993
1.025978
0.866686
0.944646
0.920509
0.911453
1.074684
0.809127
0.970097
0.751346
0.805777
0.975119
1.068838
0.968603
0.784456
0.995345
0.864945
0.869127
0.931867
1.026661
0.875079
1.079807
1.118669
0.989561
0.804716
0.899945
0.924598
0.971670
1.004070
1.059074
0.954754
0.878667
0.905288
0.807341
0.914204
0.913079
0.887367
0.995503
1.047874
0.942684
0.970037
1.167049
1.078366
1.155100
0.774127
0.696512
1.030295
1.157513
0.925462
0.928520
0.953279
1.060318
0.991670
1.024956
0.948598
0.947625
1.027338
1.029471
0.838773
0.984930
1.104888
1.083400
0.828266
0.875076
0.905173
1.006987
1.094455
0.964395
1.099824
0.887185
1.030459
1.036286
0.868430
0.962543
0.840836
1.119865
0.908492
0.855414
0.967734
0.928700
0.938328
0.869245
0.983088
0.989607
0.749749
1.045074
0.892130
1.048020
0.964481
1.085743
1.071410
0.925033
1.014665
0.953090
0.997258
0.959732
0.984873
0.895915
0.852552
1.027423
0.880735
0.807329
1.094910
0.970085
0.958971
0.945363
0.841616
0.976125
1.011780
1.009653
0.931032
0.932347
0.717641
0.747377
0.873036
0.924001
0.979629
0.827731
0.803530
1.161168
0.852662
1.035671
0.930790
0.875574
0.964229
0.942704
0.999686
0.983250
0.802867
0.855802
0.848911
1.007553
1.003594
0.902909
0.887612
0.995256
0.882444
0.804027
0.978223
1.065422
0.888337
0.913322
0.897124
0.867158
0.821091
0.939654
0.914806
1.189759
1.026959
0.903892
0.993022
0.760421
1.004911
0.904523
0.889497
1.009815
0.986353
0.981803
0.918775
0.956659
1.001660
0.879713
0.951699
0.733440
0.743785
0.905483
0.907508
0.902197
0.956227
0.913610
1.024305
1.049153
1.144610
0.829131
0.878986
0.863195
0.775145
0.903762
0.714476
0.779691
1.061835
0.995553
0.795269
1.011918
1.031268
0.736390
0.872113
0.702511
0.885104
0.987164
1.093110
0.876201
0.780509
1.007824
0.854600
1.095512
0.883271
0.689497
0.929231
1.023771
0.756826
0.909816
0.984488
0.784919
0.897873
0.749566
0.936806
0.810923
1.015142
0.895249
0.812658
0.902985
0.880953
0.868447
0.809372
0.731391
0.937931
0.806780
0.790106
0.932445
1.177446
0.916131
0.986523
0.876125
0.851181
0.892843
0.834156
0.903341
0.907811
0.893115
0.819678
0.940177
1.001000
0.818152
0.770967
1.005203
0.911850
0.845467
1.026254
0.835038
0.731949
0.694206
0.860615
0.777315
0.763384
0.772532
0.868879
0.857454
0.740647
0.850074
0.884024
0.889109
0.855707
0.841888
0.896992
0.810202
0.733752
0.859532
0.821626
0.730227
0.779345
1.025748
0.852393
0.675679
0.943219
0.873655
0.760116
0.782672
0.949896
0.777456
0.913612
0.976210
0.858318
0.716969
0.899924
1.131221
0.963939
0.863526
0.874336
1.016627
1.054121
0.825859
0.867211
0.840363
0.917137
0.806252
0.960132
0.809834
1.022200
0.796166
0.766408
0.828609
0.751204
0.649814
0.846954
0.959732
0.771526
0.938133
0.920697
0.746365
0.818562
0.820745
0.851906
1.184530
1.118991
0.790698
0.740320
0.924976
0.871474
0.863897
0.833673
0.733494
0.707021
0.960556
0.821550
0.679631
0.803550
0.698481
0.872865
0.676757
0.741373
0.891934
0.917218
0.728702
0.823234
0.907756
0.750570
0.837327
0.920527
0.865384
0.813863
0.856210
0.690257
0.911679
1.008515
1.005660
0.927025
0.846302
0.793326
0.892834
0.713490
1.002209
0.916671
0.756563
0.884865
0.932697
0.839874
1.013303
0.951981
0.863620
0.824050
0.720364
0.720151
0.886219
0.587570
0.661522
0.717106
0.730386
0.801711
0.697443
1.097383
1.122277
0.939652
0.742420
0.751503
0.593247
0.645591
1.041862
0.722404
0.904779
0.634327
0.757207
0.802344
1.030503
0.854204
0.896141
0.930706
0.917796
0.744995
0.827454
0.952672
0.932908
0.919166
0.942852
0.830825
0.982698
1.003950
0.871236
0.957184
0.838358
0.762235
0.791831
0.895451
0.954609
0.799956
0.816874
0.839386
0.928290
0.723747
0.802641
1.044293
0.784235
0.638555
0.741287
0.695946
0.779417
0.687893
0.883258
0.808878
0.791914
0.919592
1.007835
0.860763
0.866635
0.760563
0.863968
1.027784
0.722551
0.884809
0.781818
0.873192
0.711078
0.785886
0.815890
0.649703
0.830072
0.989902
0.815411
0.679033
0.728766
0.800523
0.960419
0.821309
0.721552
0.729382
0.839700
0.565684
0.887288
0.801141
0.953443
0.852547
1.042128
0.881356
0.835278
0.883800
0.879596
0.817150
0.892877
0.991616
0.741472
0.782585
0.725118
0.684924
0.796128
0.716147
0.704666
0.708384
0.892103
0.810749
0.930272
0.812322
0.982693
0.947649
0.610531
0.689182
0.805443
0.876705
0.863069
0.980262
1.015543
0.777067
0.917898
0.975214
0.897832
0.932965
0.749824
0.842512
0.836628
0.694897
0.745333
0.694547
0.701263
0.769112
0.830725
0.605888
0.752855
0.964872
0.913446
0.660224
0.812178
1.056527
0.828750
0.787403
0.956077
0.731802
0.836878
0.880847
0.847908
0.853900
0.988702
0.796546
0.856919
0.870809
0.790200
0.881553
0.950326
0.934601
0.934782
0.818873
0.796798
0.795402
0.670355
0.901844
0.675187
0.855723
0.839323
0.822765
0.765592
0.692109
0.916655
0.786754
0.950365
0.768410
0.820293
0.739867
0.762427
0.893568
0.944634
1.020697
0.880062
0.831861
0.680718
0.965071
0.772845
0.863897
0.940116
0.800545
0.787745
0.793341
0.914690
0.916215
0.943088
0.874823
0.852202
0.813231
0.885131
0.935261
0.714493
0.738574
0.776045
0.770375
0.822608
0.802766
0.856038
0.645792
0.638955
1.003740
0.824495
0.750256
0.885229
0.842639
0.969682
0.644807
0.848741
0.852920
0.709439
0.642739
0.916180
0.843164
0.706003
0.841710
0.901143
0.719889
0.809878
0.967560
0.819297
0.744454
0.748220
0.816152
0.748526
0.724034
0.693199
0.878673
0.883103
0.694203
0.800551
0.683254
0.692300
0.747099
0.825595
0.752749
0.817596
0.872572
0.994248
0.832315
0.718431
0.721693
0.714528
0.775185
0.946964
0.634968
0.847448
0.731790
0.895372
0.719965
0.737463
0.750631
0.756819
0.841421
0.667899
0.814016
0.612125
0.732367
0.876991
0.695920
0.931144
0.873728
0.723059
0.863442
0.794936
0.837058
1.079005
0.798449
0.850639
0.760657
0.820267
0.746423
0.809050
0.752728
0.827941
0.834101
0.668410
0.723537
0.897368
0.596915
0.735267
0.643477
0.708490
0.818087
0.851332
0.693525
0.710657
0.617337
0.870267
0.594664
0.801142
0.984876
0.774269
0.827449
0.707187
0.697377
1.008150
0.724337
0.744079
0.694497
0.906615
0.780184
0.707387
0.643651
0.718222
0.762517
0.837085
0.809793
0.708980
0.576644
0.937867
0.810305
1.065689
0.749099
0.746028
0.830795
0.968321
0.946844
0.844920
0.793927
0.819617
0.966919
1.126485
0.995178
0.766181
0.657455
0.652730
0.802504
0.944119
0.770720
0.717935
0.766397
0.858376
0.822924
0.890790
0.745376
0.810340
0.804286
0.732793
0.685899
0.729084
0.804738
0.884614
0.676145
0.699341
0.836231
0.731517
0.889072
0.836540
0.596802
0.705124
1.003048
0.743599
0.707212
0.816864
0.764768
0.659328
0.668815
0.815902
0.733851
0.921852
0.712450
0.743073
0.935123
0.550303
0.993144
0.891385
0.602223
0.971241
0.837654
0.824150
0.884836
0.799212
0.663530
0.939182
0.666582
0.730378
0.940256
0.899873
1.048802
0.659731
0.862593
0.718133
0.931611
0.794696
1.027212
0.773804
0.790551
0.858338
0.705943
0.710027
0.736018
0.986677
0.829931
0.634396
0.845525
0.877371
0.610312
0.682744
0.805450
0.798196
0.815736
0.718282
0.568371
0.844783
0.644833
0.675190
0.810386
0.875952
0.692984
0.645864
0.694246
0.796677
0.808767
0.744185
0.656275
0.970387
0.917487
0.776990
0.848519
0.711628
0.787789
0.704571
0.947022
0.731428
0.744138
0.730461
0.734666
0.723141
0.656700
0.540327
0.671416
0.768570
0.728795
0.653755
0.764842
0.731936
0.688904
0.811815
0.663441
0.649241
0.702696
0.840290
0.661751
0.906538
0.825556
0.822160
0.823710
0.765118
0.708203
0.761795
0.684506
0.728796
0.859618
0.671037
0.765725
0.553476
0.781293
0.896535
0.507950
0.807414
0.877821
0.498438
0.781664
0.635497
0.655282
0.759084
0.860805
0.760151
0.812886
0.663981
0.734968
0.871391
0.806815
0.676690
0.771139
0.840769
0.892657
0.721105
0.706965
0.599735
0.802528
0.791061
0.822980
0.723339
0.809776
0.720921
0.759766
0.788593
0.842990
0.883354
0.779827
0.703847
0.656381
0.559170
0.645872
0.847331
0.710489
0.800486
0.856113
0.705923
0.631383
0.732786
0.601997
0.729060
0.567227
0.650009
0.604204
0.776629
0.815014
0.923395
0.728342
0.751415
1.050288
0.750205
0.832899
0.929030
0.782817
0.848918
0.794463
0.940201
0.686870
0.895923
0.714312
0.849346
0.597883
0.657206
0.712543
0.638285
0.816939
0.920525
0.632898
0.619157
0.579385
0.694329
0.663577
0.692541
0.888191
0.754625
0.850122
0.616273
0.681266
0.700958
0.857781
0.932927
0.691059
0.904354
0.713799
0.644948
0.724010
0.941171
0.626623
0.605102
0.703733
0.778488
0.572975
0.736740
0.614403
0.605493
0.647547
0.802782
0.878345
0.561459
0.775768
0.691184
0.708445
0.708134
0.718084
0.664155
0.940766
0.750793
0.715561
0.723864
0.601495
0.729284
0.772007
0.774075
0.645846
0.730069
0.702944
0.645168
0.921983
0.882640
0.520434
0.707185
1.034646
0.709955
0.708662
0.811404
0.914843
0.851581
0.920571
0.775014
0.742160
0.799701
0.786828
0.736057
0.753838
0.770396
0.754326
0.879943
0.856863
0.784847
0.840534
0.976687
0.750368
0.708480
0.901726
0.923128
0.697627
0.739309
0.589012
0.880361
0.658572
0.699125
0.887249
0.980828
0.663991
0.714076
0.669294
0.618779
0.745605
0.704651
0.732840
0.833851
0.685905
0.582546
0.761766
0.664310
0.724265
0.850625
0.860131
0.693387
0.731200
0.743390
0.641928
0.719196
0.796162
0.609810
0.603611
0.708102
0.690216
0.688605
0.696709
0.973622
0.683896
0.769813
0.571518
0.554960
0.589266
0.697708
0.628429
0.750268
0.814349
0.770707
0.700766
0.642509
0.738329
0.784167
0.774826
0.882776
0.604862
0.650681
0.691201
0.794472
0.749963
0.782240
0.696316
0.775823
0.725267
0.619020
0.712188
0.569435
0.658219
0.708326
0.653300
0.636345
0.740667
0.834890
0.793706
0.760865
0.717749
0.737619
0.638898
0.798686
0.794949
0.632023
0.740461
0.809100
0.634337
0.613950
0.716495
0.795621
0.891683
0.827898
0.688185
0.662614
0.941850
0.772444
0.792376
0.885526
0.784998
0.661767
0.850662
0.655081
0.772547
0.931570
0.807004
0.784110
0.671097
0.892060
0.824610
0.669403
0.846060
0.766497
0.764718
0.609999
0.677956
0.841018
0.696823
0.740545
0.688719
0.544081
0.681554
0.810490
0.665547
0.729550
0.860005
0.807062
0.824387
0.748517
0.613464
0.807024
0.670314
0.999196
0.666423
0.578340
0.757045
0.960211
0.747786
0.591264
0.726157
0.732050
0.675996
0.797431
0.756214
0.539686
0.840206
0.714425
0.710487
0.607446
0.548663
0.770021
0.627035
0.800943
0.732273
0.838277
0.728764
0.676127
0.672931
0.778527
0.605622
0.637259
0.664907
0.766885
0.631423
0.828290
0.859783
0.733905
0.799982
0.907311
0.588978
0.875944
0.773791
0.749493
0.635770
0.662981
0.681478
0.696017
0.705288
0.696315
0.578520
0.771605
0.695683
0.804757
0.777739
0.847814
0.720347
0.885165
0.881739
0.676049
0.662931
0.478268
0.668375
0.756090
0.626960
0.810703
0.652396
0.789067
0.758916
0.874078
0.589486
0.528478
0.736306
0.553156
0.671392
0.727758
0.638115
0.542792
0.659650
0.691279
0.552039
0.734244
0.771520
0.582826
0.683808
0.864307
0.898241
0.614490
0.670823
0.667270
0.677201
0.813971
0.654118
0.785842
0.751186
0.854856
0.730949
0.669737
0.792753
0.849199
0.772606
0.632023
0.820141
0.758636
0.656797
0.721369
0.693059
0.736174
0.711734
0.738759
0.770487
0.840534
0.644535
0.658102
0.627849
0.842277
0.879021
0.772739
0.542948
0.698258
0.661182
0.793298
0.688349
0.693920
0.584847
0.680411
0.688384
0.678716
0.701987
0.530662
0.766946
0.699626
0.616892
0.704785
0.644225
0.595625
0.638017
0.571547
0.569820
0.890649
0.703852
0.878278
0.737926
0.606232
0.637817
0.549262
0.706665
0.656696
0.653106
0.655139
0.740549
0.554811
0.694815
0.888399
0.615617
0.791805
0.843904
0.656755
0.648006
0.741476
0.742925
0.709591
0.679226
0.884086
0.884947
0.681489
0.726899
0.550292
0.804419
0.817741
0.664338
0.719697
0.850147
0.719464
0.668605
0.758852
0.742698
0.777154
0.710442
0.715697
0.901846
0.656277
0.702872
0.753248
0.684366
0.672617
0.732566
0.608788
0.833910
0.613428
0.606866
0.702296
0.754594
0.640639
0.637672
0.651227
0.796934
0.626626
0.642376
0.644082
0.636543
0.834782
0.740718
0.626050
0.568431
0.653457
0.752126
0.686041
0.794751
0.660400
0.764511
0.721128
0.730885
0.773580
0.712888
0.726484
0.700781
0.692704
0.604509
0.622641
0.750172
0.677882
0.577116
0.953245
0.537660
0.678376
0.706977
0.652356
0.762928
0.699333
0.679205
0.735408
0.768617
0.668194
0.406325
0.786764
0.543621
0.807889
0.599189
0.822786
0.741032
0.670244
0.665034
0.607327
0.666668
0.626644
0.729931
0.784762
0.733798
0.600399
0.602394
0.540145
0.630442
0.582092
0.780947
0.688105
0.746803
0.773556
0.647128
0.685319
0.699651
0.601901
0.693832
0.701611
0.617439
0.632750
0.814579
0.564347
0.852755
0.595072
0.650013
0.608051
0.631185
0.647045
0.636123
0.544057
0.632962
0.795848
0.773036
0.605152
0.667283
0.602266
0.781791
0.611965
0.574431
0.667436
0.748724
0.750686
0.637662
0.845166
0.805659
0.804286
0.602065
0.740332
0.596535
0.757843
0.418058
0.601618
0.517680
0.908054
0.678245
0.627078
0.710667
0.948856
0.573158
0.460182
0.679650
0.691323
0.740862
0.616527
0.686366
0.804299
0.554645
0.783893
0.672497
0.629546
0.553005
0.637847
0.596059
0.633954
0.685259
0.638901
0.533086
0.680178
0.726985
0.729949
0.648921
0.507647
0.648609
0.679657
0.628281
0.549278
0.765393
0.779100
0.832932
0.651353
0.502231
0.667145
0.659310
0.672967
0.641100
0.744711
0.728683
0.636429
0.768640
0.723930
0.609536
0.887778
0.539806
0.732666
0.869827
0.683565
0.667101
0.600000
0.594346
0.819675
0.574871
0.679535
0.517912
0.599245
0.775947
0.651554
0.518077
0.698063
0.628331
0.741731
0.608745
0.642662
0.679129
0.746673
0.583759
0.738112
0.829870
0.696112
0.702361
0.696867
0.583325
0.528672
0.605324
0.793040
0.637155
0.619029
0.623291
0.719703
0.582272
0.627158
0.714453
0.569634
0.565122
0.650634
0.734938
0.531592
0.810340
0.644420
0.894321
0.833628
0.781966
0.604530
0.746638
0.784461
0.601077
0.653748
0.545994
0.575681
0.662156
0.715004
0.552858
0.715722
0.824764
0.599126
0.637281
0.592151
0.647491
0.697074
0.643417
0.782023
0.533701
0.499908
0.630725
0.674739
0.632798
0.695057
0.696600
0.655491
0.672456
0.584923
0.629621
0.620713
0.630808
0.522290
0.432705
0.641319
0.603064
0.760515
0.654332
0.715593
0.879943
0.543974
0.686057
0.643562
0.774434
0.645396
0.708788
0.894620
0.679233
0.782836
0.797618
0.689653
0.539307
0.873400
0.632836
0.569638
0.799226
0.743482
0.497824
0.740501
0.731219
0.731120
0.562483
0.529419
0.741038
0.687105
0.732818
0.684356
0.836497
0.821078
0.657539
0.613467
0.707809
0.602910
0.581423
0.736551
0.471750
0.740194
0.569726
0.628456
0.697927
0.727309
0.753373
0.541022
0.611561
0.487502
0.742438
0.664410
0.611168
0.733898
0.705456
0.614889
0.630565
0.751318
0.640840
0.690602
0.844133
1.077224
0.752759
0.557951
0.870912
0.743777
0.718554
0.839792
0.689171
0.774219
0.611671
0.648831
0.662976
0.687716
0.713604
0.654237
0.652772
0.613588
0.850563
0.701147
0.687747
0.600552
0.602857
0.537934
0.661820
0.735275
0.723322
0.599569
0.854591
0.660293
0.710866
0.644712
0.598862
0.597295
0.598413
0.612397
0.765554
0.611781
0.723278
0.799732
0.572275
0.599720
0.600937
0.583314
0.577997
0.557669
0.549229
0.704867
0.545291
0.807739
0.683772
0.549717
0.791428
0.590771
0.658029
0.717955
0.608702
0.607435
0.674681
0.726413
0.647478
0.615709
0.654785
0.555665
0.663005
0.571512
0.716587
0.601672
0.766919
0.641823
0.602661
0.616830
0.762126
0.576629
0.716940
0.559830
0.759078
0.610763
0.644102
0.583879
0.643436
0.728976
0.595540
0.584299
0.776537
0.646550
0.798572
0.691862
0.740189
0.561676
0.714407
0.802562
0.741796
0.565033
0.665221
0.601415
0.823561
0.746009
0.729038
0.770549
0.595323
0.636775
0.621799
0.761655
0.630102
0.634787
0.624822
0.445712
0.658389
0.572124
0.506879
0.635267
0.774134
0.700797
0.737935
0.633092
0.676206
0.726770
0.663301
0.840308
0.864900
0.791532
0.840739
0.629464
0.708904
0.549360
0.716312
0.771290
0.589955
0.643821
0.650987
0.740224
0.549208
0.540327
0.672147
0.566731
0.680715
0.472538
0.446093
0.593535
0.645059
0.404195
0.662370
0.772122
0.681546
0.711741
0.637949
0.580841
0.626559
0.814559
0.548499
0.647328
0.829928
0.601562
0.596012
0.779939
0.727401
0.648825
0.613733
0.720360
0.594369
0.821852
0.860172
0.590775
0.638401
0.640119
0.514570
0.710488
0.763818
0.765939
0.776865
0.621769
0.600693
0.679145
0.534016
0.740835
0.803568
0.640561
0.580749
0.588278
0.650393
0.725830
0.636312
0.725127
0.637504
0.546931
0.664742
0.758620
0.656772
0.635518
0.868871
0.429400
0.643494
0.607625
0.690703
0.815118
0.506444
0.665317
0.559437
0.712568
0.669079
0.685968
0.727853
0.730269
0.734800
0.604693
0.417870
0.444119
0.743902
0.542579
0.675432
0.778554
0.580473
0.550857
0.627884
0.555996
0.523176
0.553477
0.635249
0.651761
0.610655
0.554150
0.500610
0.635960
0.589847
0.769680
0.589795
0.446355
0.456870
0.751724
0.548899
0.558114
0.538058
0.682460
0.588428
0.653170
0.580211
0.699590
0.712697
0.643137
0.569169
0.721983
0.711050
0.632292
0.782772
0.671396
0.569496
0.559706
0.620790
0.540856
0.724729
0.796175
0.608446
0.659087
0.611929
0.642348
0.614299
0.612483
0.581761
0.674092
0.654222
0.786146
0.634517
0.641520
0.490914
0.620050
0.541098
0.712051
0.481164
0.509588
0.489935
0.580644
0.692427
0.707047
0.755404
0.669451
0.588448
0.594730
0.634151
0.663693
0.683652
0.501695
0.629608
0.511951
0.780093
0.628986
0.706508
0.662134
0.560874
0.731624
0.518579
0.707375
0.679186
0.623404
0.743315
0.792635
0.573188
0.607080
0.636466
0.676033
0.662940
0.637292
0.724181
0.608660
0.603545
0.607726
0.518110
0.743521
0.726272
0.720176
0.527591
0.675189
0.624581
0.651611
0.472466
0.484428
0.552620
0.566235
0.622944
0.767839
0.573172
0.665961
0.546060
0.558249
0.511035
0.790972
0.667140
0.722085
0.626638
0.730105
0.553465
0.500821
0.617416
0.696173
0.584201
0.611436
0.547956
0.572366
0.535601
0.731877
0.523277
0.547703
0.628472
0.644623
0.480383
0.672379
0.637308
0.660566
0.575633
0.431256
0.773233
0.673335
0.582688
0.604927
0.545476
0.563494
0.685810
0.528812
0.627801
0.539369
0.683670
0.475205
0.566373
0.632457
0.431383
0.699060
0.660761
0.572346
0.696897
0.568930
0.593392
0.520795
0.523976
0.648175
0.564351
0.644007
0.638018
0.630071
0.621538
0.826485
0.429807
0.603037
0.786476
0.661866
0.683658
0.713592
0.590420
0.600016
0.687047
0.448150
0.650620
0.686361
0.411279
0.635229
0.648686
0.917539
0.729985
0.775438
0.661966
0.600209
0.690974
0.734345
0.529608
0.680435
0.559897
0.791478
0.669759
0.641068
0.751954
0.731333
0.666000
0.780838
0.616888
0.621079
0.752492
0.661754
0.675041
0.663418
0.556933
0.522395
0.630897
0.606813
0.538466
0.635451
0.626274
0.733260
0.706048
0.521847
0.687417
0.718959
0.635321
0.578441
0.644990
0.703336
0.629482
0.606153
0.708299
0.727780
0.713130
0.566477
0.567085
0.722094
0.708778
0.752431
0.730901
0.636939
0.783608
0.712050
0.497655
0.568354
0.613135
0.723098
0.722785
0.760553
0.633521
0.708325
0.700966
0.637172
0.748726
0.778485
0.620905
0.678136
0.517357
0.530919
0.724442
0.622343
0.621757
0.617194
0.544145
0.688963
0.559975
0.577655
0.825482
0.529781
0.488056
0.648185
0.715634
0.545560
0.830405
0.649867
0.557637
0.683766
0.610324
0.744923
0.558621
0.456026
0.546680
0.651209
0.610510
0.628929
0.691753
0.553203
0.628605
0.629841
0.624468
0.713104
0.756796
0.461737
0.538347
0.615145
0.600913
0.699109
0.556591
0.544200
0.833960
0.542565
0.697854
0.689859
0.554429
0.646964
0.611786
0.715932
0.600377
0.647662
0.699764
0.686036
0.539942
0.582542
0.502929
0.812135
0.629011
0.647072
0.622124
0.579927
0.637236
0.732635
0.600104
0.505465
0.558241
0.565289
0.715704
0.729818
0.645320
0.644196
0.419774
0.470679
0.797297
0.537745
0.624869
0.584936
0.536568
0.598038
0.650956
0.682241
0.565280
0.582603
0.679712
0.548697
0.673401
0.472125
0.710906
0.574717
0.667525
0.592368
0.635559
0.700555
0.824493
0.928711
0.601226
0.672744
0.770359
0.665943
0.548299
0.669966
0.706163
0.559346
0.612682
0.702473
0.639288
0.716347
0.628895
0.614893
0.572724
0.650912
0.784499
0.611518
0.552057
0.635891
0.734012
0.599565
0.516018
0.641585
0.632557
0.676002
0.457060
0.558115
0.416955
0.773571
0.697663
0.611789
0.578468
0.542240
0.545588
0.604993
0.568305
0.506812
0.542541
0.566319
0.570107
0.443766
0.616027
0.549961
0.625402
0.741952
0.652279
0.685499
0.652208
0.608615
0.712084
0.703779
0.795411
0.669059
0.497515
0.570300
0.661164
0.600934
0.584430
0.559239
0.760406
0.509598
0.488838
0.802457
0.504504
0.571034
0.602324
0.582939
0.826577
0.466818
0.681377
0.739062
0.558413
0.782820
0.492502
0.597164
0.653719
0.550230
0.558926
0.472451
0.881785
0.484906
0.529327
0.495553
0.593485
0.513139
0.775904
0.660616
0.701380
0.588606
0.554844
0.561779
0.604276
0.446829
0.752934
0.466267
0.566618
0.541377
0.652388
0.676799
0.610641
0.622820
0.459799
0.767817
0.696058
0.523198
0.662614
0.605132
0.635934
0.477375
0.421057
0.686398
0.556288
0.543166
0.708726
0.747857
0.554800
0.728355
0.710367
0.686389
0.579900
0.503291
0.582622
0.611926
0.587193
0.526728
0.685912
0.638620
0.538173
0.513620
0.521134
0.736201
0.576251
0.393012
0.594142
0.704905
0.655152
0.608273
0.550312
0.446660
0.622951
0.498440
0.695292
0.518502
0.617023
0.515011
0.657180
0.581093
0.447563
0.477101
0.539876
0.425955
0.421502
0.575667
0.606426
0.524193
0.568772
0.540166
0.546943
0.461457
0.659455
0.560483
0.474695
0.616437
0.544958
0.810626
0.661189
0.609549
0.661959
0.685797
0.686043
0.585220
0.563921
0.668339
0.540231
0.702047
0.587970
0.493888
0.602448
0.570556
0.629132
0.675056
0.550371
0.730027
0.731918
0.457540
0.621955
0.621428
0.623087
0.545624
0.578959
0.457006
0.544461
0.666335
0.490345
0.759322
0.585194
0.530690
0.462524
0.619062
0.534122
0.557077
0.678210
0.649314
0.657578
0.616291
0.647724
0.574818
0.758376
0.645181
0.604533
0.579867
0.679461
0.655619
0.652328
0.598119
0.593055
0.707123
0.528195
0.714344
0.603548
0.707275
0.575750
0.615031
0.544657
0.632306
0.664173
0.572687
0.631003
0.544625
0.508887
0.863966
0.566674
0.607638
0.507511
0.658984
0.569442
0.538110
0.678879
0.728335
0.523922
0.582878
0.449225
0.546475
0.630137
0.518097
0.551138
0.641920
0.706980
0.509948
0.567856
0.661655
0.513611
0.523169
0.625275
0.589837
0.633161
0.515739
0.541224
0.618609
0.568591
0.484081
0.665736
0.569730
0.678424
0.609054
0.627716
0.604685
0.710161
0.673486
0.641876
0.786211
0.578114
0.436237
0.466319
0.749350
0.706391
0.663683
0.702267
0.855690
0.572151
0.586805
0.634462
0.720753
0.504573
0.683627
0.631527
0.739045
0.618742
0.645395
0.678884
0.758551
0.652703
0.676552
0.558544
0.570354
0.584303
0.598622
0.718250
0.674465
0.653437
0.637776
0.454693
0.733428
0.649366
0.525505
0.682137
0.497009
0.506594
0.684784
0.519159
0.850033
0.823910
0.747262
0.578460
0.589540
0.649869
0.500475
0.599692
0.598071
0.617342
0.610109
0.710839
0.636995
0.435952
0.668236
0.399995
0.533786
0.623954
0.590555
0.563589
0.521917
0.790248
0.321450
0.444823
0.584732
0.559465
0.510277
0.582843
0.591921
0.579079
0.613655
0.599711
0.509952
0.750315
0.667190
0.647937
0.646039
0.731439
0.792972
0.567570
0.593769
0.677526
0.551268
0.648931
0.723414
0.732882
0.588941
0.692749
0.556102
0.612762
0.476481
0.567129
0.710343
0.472418
0.559280
0.623689
0.607814
0.637098
0.641597
0.569854
0.583884
0.644425
0.544686
0.640720
0.726834
0.614323
0.537933
0.496804
0.565809
0.582412
0.602480
0.629499
0.589885
0.532636
0.590298
0.511181
0.576865
0.503645
0.701411
0.675931
0.595712
0.567474
0.644303
0.741039
0.583945
0.497646
0.599009
0.482768
0.569651
0.558787
0.645923
0.518950
0.518889
0.566983
0.495559
0.634374
0.530114
0.507200
0.561888
0.700019
0.640350
0.547286
0.482406
0.722529
0.591086
0.458462
0.643576
0.481332
0.437595
0.642788
0.613145
0.565265
0.556189
0.666109
0.618490
0.534679
0.570330
0.652377
0.621085
0.575647
0.420260
0.569400
0.545574
0.570919
0.596384
0.556778
0.487760
0.477135
0.529732
0.461868
0.556658
0.604215
0.621253
0.565076
0.474098
0.510084
0.561563
0.670758
0.639432
0.627176
0.690992
0.602365
0.662636
0.641444
0.765582
0.548223
0.636861
0.503647
0.666370
0.544364
0.537886
0.457043
0.592826
0.519881
0.461852
0.650907
0.543952
0.502385
0.501851
0.408977
0.540803
0.533172
0.638155
0.393059
0.480238
0.464302
0.442520
0.502695
0.513379
0.666093
0.625574
0.512382
0.652699
0.572571
0.507746
0.515532
0.695214
0.599396
0.582158
0.548762
0.530437
0.649476
0.697473
0.470576
0.520017
0.434655
0.536333
0.607516
0.664850
0.586426
0.639117
0.580829
0.793129
0.450685
0.618171
0.583355
0.628142
0.539981
0.619585
0.333334
0.557673
0.438862
0.448336
0.567713
0.565013
0.482819
0.569174
0.591851
0.615617
0.692127
0.551779
0.552040
0.609221
0.612199
0.412170
0.694830
0.528099
0.560381
0.469491
0.542274
0.531842
0.620884
0.558742
0.568934
0.514179
0.559053
0.524531
0.673950
0.693456
0.507784
0.465588
0.582435
0.648485
0.681684
0.536519
0.541701
0.444422
0.620217
0.653667
0.588064
0.625265
0.478504
0.660876
0.462676
0.429673
0.493880
0.621730
0.648242
0.627659
0.644352
0.658518
0.452452
0.638526
0.721073
0.674473
0.442925
0.474546
0.526467
0.615069
0.459118
0.649395
0.579030
0.515285
0.482407
0.470011
0.553010
0.520694
0.614688
0.619827
0.503164
0.542066
0.431947
0.509909
0.548154
0.377994
0.525337
0.408927
0.538294
0.757768
0.475977
0.672449
0.466006
0.448512
0.651590
0.621517
0.660522
0.424760
0.663397
0.460918
0.582009
0.792107
0.644133
0.543743
0.513943
0.508392
0.564063
0.612144
0.654625
0.579349
0.592919
0.545843
0.651352
0.463203
0.438991
0.511600
0.482660
0.528027
0.542184
0.488605
0.489819
0.602402
0.547821
0.519025
0.558066
0.539326
0.665229
0.509659
0.693039
0.581746
0.446807
0.667422
0.486712
0.657322
0.563680
0.633770
0.663949
0.582656
0.691302
0.747933
0.594754
0.524277
0.616751
0.414124
0.521450
0.722890
0.527391
0.514866
0.580967
0.489975
0.468336
0.603626
0.577114
0.671439
0.625083
0.577067
0.522525
0.323474
0.534107
0.453619
0.620438
0.558127
0.508914
0.806108
0.717189
0.537555
0.862187
0.645117
0.570796
0.572562
0.523400
0.650565
0.407163
0.507500
0.621521
0.574619
0.656567
0.575257
0.534629
0.453690
0.524269
0.417495
0.445603
0.459065
0.403119
0.641544
0.652709
0.532222
0.431582
0.360534
0.729543
0.598921
0.553688
0.666118
0.440219
0.627395
0.417352
0.542939
0.640180
0.589764
0.651590
0.603154
0.636284
0.646635
0.587354
0.563275
0.667103
0.726656
0.522521
0.580154
0.517297
0.491990
0.547820
0.650491
0.500717
0.581372
0.631090
0.701641
0.540744
0.582264
0.626587
0.467837
0.481697
0.698309
0.650757
0.496879
0.437586
0.729976
0.648437
0.568764
0.600697
0.566400
0.565942
0.750566
0.502919
0.450241
0.551644
0.528349
0.638939
0.708643
0.800736
0.481238
0.577546
0.579044
0.595741
0.622194
0.521304
0.569261
0.572168
0.632139
0.587851
0.561290
0.443994
0.764074
0.490932
0.595297
0.641462
0.519578
0.463878
0.559644
0.520693
0.657065
0.521537
0.555829
0.572548
0.625833
0.641153
0.609315
0.574994
0.677576
0.680072
0.568646
0.708568
0.527326
0.658915
0.617709
0.818040
0.525402
0.540748
0.695306
0.626389
0.647867
0.617918
0.617824
0.513467
0.641138
0.670819
0.447184
0.715846
0.489411
0.634922
0.472966
0.548971
0.526334
0.658747
0.549320
0.659506
0.531120
0.645217
0.601637
0.373697
0.516623
0.525220
0.633214
0.503920
0.611811
0.621549
0.611637
0.483152
0.415181
0.403414
0.616422
0.467178
0.584858
0.644100
0.578866
0.489534
0.771776
0.614445
0.613622
0.477491
0.459765
0.537113
0.590390
0.501985
0.582952
0.426734
0.688237
0.548120
0.488679
0.535494
0.441508
0.697697
0.502495
0.569969
0.688753
0.652916
0.355068
0.565958
0.557972
0.471077
0.617363
0.529428
0.569115
0.577011
0.529314
0.491415
0.571135
0.448470
0.628429
0.635898
0.535231
0.602823
0.519995
0.640763
0.476298
0.739352
0.405821
0.411546
0.702242
0.465760
0.533563
0.477256
0.574797
0.497100
0.628579
0.583516
0.627491
0.635824
0.596747
0.429321
0.518365
0.412990
0.622551
0.608777
0.494346
0.574499
0.499405
0.595094
0.382488
0.566322
0.586271
0.677507
0.510123
0.554038
0.451593
0.558466
0.506141
0.508976
0.507947
0.686517
0.358421
0.724783
0.402902
0.725000
0.571743
0.577641
0.581429
0.432550
0.612873
0.448320
0.593669
0.479334
0.507955
0.544151
0.457836
0.478835
0.570984
0.686324
0.530837
0.501933
0.543046
0.399778
0.486027
0.552822
0.403242
0.500409
0.644178
0.768251
0.528867
0.555814
0.611583
0.540763
0.591881
0.463841
0.647663
0.553136
0.499771
0.535627
0.537109
0.566622
0.490034
0.543898
0.576229
0.536781
0.542536
0.765427
0.722986
0.607250
0.559568
0.754214
0.503585
0.725185
0.581683
0.552028
0.587957
0.649987
0.564849
0.641949
0.594765
0.582656
0.678983
0.592800
0.557290
0.485166
0.429103
0.394192
0.414216
0.621476
0.586034
0.423457
0.685709
0.495761
0.482851
0.734320
0.873700
0.489812
0.580019
0.759845
0.861957
0.379511
0.630272
0.627064
0.526648
0.684494
0.483659
0.562893
0.509126
0.486202
0.476060
0.515764
0.474415
0.422067
0.413553
0.505062
0.570155
0.349363
0.561812
0.514603
0.800425
0.604108
0.429456
0.356658
0.510368
0.569626
0.535847
0.542664
0.607699
0.436041
0.712064
0.509396
0.540950
0.597894
0.665740
0.517161
0.574429
0.507271
0.513242
0.449142
0.616948
0.489838
0.588043
0.662122
0.517270
0.503995
0.511342
0.450884
0.561698
0.512715
0.519323
0.536548
0.527398
0.462187
0.410777
0.538152
0.423504
0.735364
0.431726
0.645423
0.592338
0.556540
0.516171
0.558194
0.564749
0.465009
0.513524
0.323904
0.444060
0.634845
0.377769
0.486116
0.586448
0.473475
0.511720
0.804493
0.493704
0.555876
0.561536
0.776965
0.449210
0.660198
0.455105
0.500338
0.704218
0.520045
0.444140
0.519783
0.425441
0.497538
0.660999
0.522471
0.541258
0.577712
0.446527
0.649427
0.620124
0.387742
0.665416
0.575023
0.494451
0.539512
0.545634
0.510048
0.526837
0.520876
0.535947
0.712047
0.456144
0.718461
0.422289
0.726541
0.511204
0.572602
0.644404
0.418439
0.695295
0.373298
0.653273
0.623981
0.525095
0.486797
0.490345
0.536636
0.481070
0.512598
0.555349
0.522929
0.446492
0.642197
0.590890
0.689558
0.517550
0.523051
0.514953
0.680788
0.478054
0.464955
0.556548
0.625853
0.499063
0.561583
0.647678
0.537524
0.605956
0.646670
0.565142
0.593085
0.482887
0.589605
0.671039
0.609622
0.431826
0.541492
0.610447
0.593422
0.470899
0.659152
0.532286
0.652041
0.612124
0.471921
0.499947
0.491845
0.561861
0.626928
0.593250
0.604598
0.616033
0.699881
0.468373
0.517534
0.538802
0.649263
0.697746
0.542380
0.556651
0.670308
0.441181
0.600759
0.563891
0.497586
0.413400
0.558952
0.512433
0.444216
0.442842
0.469057
0.586298
0.577509
0.622081
0.580786
0.615849
0.386940
0.625151
0.507632
0.562145
0.542631
0.443247
0.605163
0.567125
0.643040
0.503014
0.551491
0.487408
0.541919
0.490352
0.501738
0.418498
0.600598
0.538673
0.412740
0.642060
0.484047
0.578503
0.403341
0.578843
0.679071
0.472281
0.479397
0.403069
0.523123
0.694073
0.476426
0.386134
0.596370
0.669919
0.476178
0.407819
0.682959
0.537692
0.574509
0.496274
0.415019
0.637309
0.430411
0.630983
0.432969
0.693359
0.367073
0.473751
0.690780
0.738506
0.602866
0.372202
0.392791
0.448456
0.478620
0.586090
0.586981
0.428654
0.568541
0.421601
0.536469
0.580855
0.430724
0.485614
0.477549
0.522655
0.573067
0.535845
0.507792
0.638405
0.452192
0.420102
0.612172
0.636317
0.516431
0.675033
0.441422
0.538736
0.850933
0.416772
0.514065
0.578459
0.463769
0.468121
0.545551
0.631586
0.597443
0.359683
0.643701
0.621370
0.871984
0.469870
0.681454
0.474815
0.398670
0.682126
0.437526
0.433454
0.475594
0.476667
0.560925
0.602724
0.598109
0.557234
0.678200
0.440793
0.563930
0.442580
0.508779
0.463555
0.463342
0.534594
0.624082
0.450171
0.547461
0.434298
0.492781
0.609929
0.560217
0.542694
0.591973
0.605745
0.466787
0.421908
0.513470
0.442230
0.410781
0.501230
0.581627
0.662909
0.441974
0.566725
0.570123
0.505025
0.422584
0.595182
0.547239
0.327959
0.453669
0.647330
0.452182
0.596718
0.577918
0.457584
0.392641
0.522640
0.499427
0.493885
0.521719
0.482790
0.542842
0.635071
0.574642
0.540405
0.293956
0.485153
0.570967
0.458756
0.659917
0.490997
0.577395
0.561542
0.519911
0.762742
0.463769
0.597500
0.543090
0.525415
0.552693
0.574684
0.481142
0.432147
0.483069
0.718413
0.568098
0.469785
0.511658
0.435299
0.606728
0.506085
0.352987
0.587187
0.439211
0.736767
0.541112
0.404239
0.489598
0.518073
0.421772
0.466250
0.351893
0.501417
0.440687
0.661871
0.663432
0.647535
0.635811
0.469976
0.457023
0.549397
0.512180
0.578334
0.475495
0.521284
0.579786
0.426427
0.453320
0.508401
0.533694
0.404231
0.515253
0.493312
0.713264
0.551957
0.487441
0.547095
0.750547
0.516989
0.491100
0.430543
0.596515
0.790900
0.589212
0.651424
0.519129
0.542657
0.464603
0.430600
0.517209
0.634913
0.553816
0.399883
0.407186
0.415339
0.548870
0.567068
0.710935
0.569190
0.546561
0.371101
0.613005
0.563512
0.530908
0.637178
0.686020
0.454615
0.523065
0.353028
0.501049
0.455748
0.596582
0.653795
0.517611
0.638315
0.618390
0.454874
0.570414
0.447014
0.506997
0.376576
0.620261
0.433958
0.359818
0.485758
0.423538
0.417594
0.572461
0.507528
0.579484
0.544294
0.410855
0.741752
0.424577
0.417715
0.349062
0.480489
0.500371
0.590534
0.672510
0.550936
0.519476
0.506552
0.336115
0.568801
0.743023
0.540128
0.526899
0.605888
0.415733
0.571627
0.606242
0.685145
0.559199
0.510315
0.571367
0.418478
0.632395
0.428654
0.415237
0.411759
0.603898
0.730318
0.563048
0.536964
0.432323
0.662742
0.474697
0.616995
0.427678
0.481691
0.672835
0.530057
0.539057
0.546314
0.462393
0.461978
0.603614
0.488301
0.552476
0.503423
0.610458
0.573492
0.490939
0.456176
0.521325
0.531404
0.490572
0.596031
0.738987
0.454795
0.528523
0.542252
0.491818
0.524861
0.636105
0.639708
0.501803
0.394055
0.496031
0.658993
0.501380
0.444915
0.445897
0.620934
0.599422
0.502629
0.489457
0.506924
0.447331
0.386221
0.617974
0.583704
0.623562
0.492312
0.537263
0.702583
0.679217
0.437586
0.578781
0.570234
0.486801
0.461759
0.515800
0.631591
0.503190
0.547899
0.495475
0.703885
0.477850
0.563591
0.494290
0.557281
0.559325
0.616821
0.565302
0.503375
0.506710
0.498086
0.497326
0.404004
0.605534
0.575542
0.506187
0.452428
0.389767
0.624965
0.533309
0.541708
0.409616
0.473505
0.640668
0.545025
0.421156
0.518742
0.536939
0.607251
0.463776
0.568206
0.488117
0.479113
0.642707
0.582139
0.567499
0.617329
0.627737
0.467550
0.500384
0.770980
0.628893
0.539511
0.481681
0.625007
0.637906
0.641586
0.398793
0.635876
0.456346
0.395520
0.558549
0.640745
0.484916
0.475916
0.555047
0.604634
0.524959
0.426534
0.509589
0.476013
0.499020
0.519966
0.353386
0.407599
0.709805
0.441019
0.402622
0.501595
0.467230
0.533913
0.627906
0.493247
0.440551
0.502158
0.509665
0.492427
0.682474
0.484438
0.636904
0.549486
0.450627
0.515679
0.586199
0.588435
0.479609
0.492461
0.478644
0.483254
0.600793
0.582175
0.508914
0.525436
0.494589
0.637731
0.460214
0.452295
0.624972
0.458787
0.800228
0.479080
0.431476
0.611816
0.531629
0.573981
0.551733
0.486614
0.464801
0.414292
0.362395
0.530358
0.550654
0.685763
0.427324
0.380207
0.514804
0.562290
0.539442
0.442744
0.587918
0.545408
0.590221
0.484339
0.454643
0.640918
0.364594
0.588116
0.376837
0.511125
0.532021
0.480180
0.481991
0.575425
0.707222
0.364927
0.417690
0.516777
0.422620
0.425480
0.381792
0.545812
0.633020
0.483553
0.493734
0.474972
0.710521
0.500603
0.560404
0.450004
0.463570
0.605674
0.560283
0.561168
0.403538
0.484768
0.614009
0.377541
0.499196
0.525564
0.390164
0.618567
0.548686
0.561826
0.463852
0.410740
0.445279
0.455506
0.486351
0.498086
0.472923
0.558300
0.390267
0.463297
0.455330
0.497324
0.383970
0.581739
0.329026
0.482135
0.456752
0.294747
0.696518
0.380861
0.538914
0.449850
0.633390
0.419424
0.537308
0.548449
0.591080
0.607744
0.503091
0.636794
0.541902
0.474846
0.689536
0.496083
0.553036
0.552844
0.678165
0.473670
0.636170
0.560523
0.619665
0.619891
0.483411
0.430453
0.430380
0.488434
0.708257
0.659481
0.575613
0.566163
0.516888
0.489366
0.373103
0.362704
0.725085
0.496471
0.606294
0.651346
0.350714
0.571173
0.606460
0.637051
0.479218
0.516898
0.484760
0.526369
0.589582
0.387481
0.455612
0.653409
0.719871
0.397903
0.463769
0.644475
0.496997
0.517791
0.626822
0.389524
0.413717
0.542202
0.370907
0.336279
0.660306
0.480976
0.568440
0.494972
0.543841
0.542110
0.497930
0.579700
0.406336
0.414639
0.702898
0.409092
0.384441
0.588365
0.477271
0.592286
0.407703
0.378037
0.521780
0.494597
0.678629
0.496594
0.488100
0.605239
0.510096
0.587713
0.398185
0.411477
0.502459
0.493425
0.598461
0.408688
0.546419
0.483729
0.413346
0.518296
0.494191
0.543701
0.461991
0.716536
0.410610
0.616956
0.608548
0.848612
0.470846
0.536670
0.466852
0.541696
0.498325
0.640547
0.581371
0.553886
0.494681
0.551775
0.665940
0.489401
0.438496
0.599589
0.516561
0.503636
0.463897
0.508759
0.578082
0.458603
0.333373
0.438177
0.339192
0.497499
0.459597
0.621903
0.672462
0.357778
0.710582
0.540108
0.450946
0.529312
0.561675
0.407607
0.389507
0.568411
0.499049
0.470156
0.506966
0.448078
0.524905
0.610012
0.540301
0.476903
0.570856
0.520175
0.536250
0.590246
0.545846
0.438271
0.537458
0.509948
0.467513
0.644855
0.556507
0.411023
0.533226
0.383672
0.382100
0.443542
0.457825
0.480134
0.476482
0.561099
0.674074
0.378163
0.462411
0.542497
0.755607
0.528191
0.484418
0.498861
0.493458
0.480904
0.573425
0.532190
0.513983
0.529198
0.607164
0.538222
0.394700
0.404041
0.530355
0.593098
0.633330
0.556088
0.469614
0.372344
0.570433
0.578948
0.508229
0.601882
0.393127
0.561924
0.603467
0.426353
0.572051
0.609047
0.488618
0.413595
0.599390
0.601905
0.441864
0.517235
0.356951
0.386426
0.459459
0.456585
0.513792
0.444914
0.405995
0.440138
0.512843
0.618384
0.646647
0.553796
0.754440
0.517883
0.419645
0.515158
0.426289
0.653556
0.709440
0.697821
0.564539
0.481562
0.452166
0.559818
0.525308
0.578761
0.618424
0.592241
0.483835
0.578605
0.502236
0.682515
0.582950
0.401351
0.687179
0.467519
0.517664
0.486999
0.522438
0.547270
0.535491
0.448618
0.383119
0.440029
0.405034
0.399144
0.460237
0.623971
0.303313
0.363437
0.430338
0.519283
0.414653
0.577764
0.509706
0.637912
0.477939
0.513933
0.513155
0.388523
0.441193
0.482637
0.427152
0.428124
0.415377
0.658575
0.401184
0.499066
0.477045
0.608241
0.411851
0.576610
0.544854
0.509200
0.425747
0.398699
0.511016
0.412825
0.518727
0.557136
0.515722
0.526680
0.461730
0.599881
0.435351
0.407661
0.496929
0.558227
0.440548
0.592818
0.471873
0.608685
0.442872
0.424437
0.537276
0.491262
0.473273
0.311727
0.613687
0.483069
0.510501
0.479591
0.419438
0.560019
0.332830
0.635593
0.482366
0.459471
0.479314
0.482282
0.524568
0.558463
0.408978
0.445459
0.343438
0.453772
0.378087
0.320646
0.540095
0.516367
0.506666
0.362064
0.523288
0.409183
0.480441
0.584647
0.432219
0.400065
0.539908
0.427964
0.453470
0.500183
0.346853
0.254300
0.554204
0.489113
0.399597
0.408229
0.471103
0.297373
0.514265
0.702233
0.529474
0.644158
0.511782
0.459013
0.396650
0.584066
0.469463
0.548000
0.666011
0.582707
0.516970
0.419524
0.424585
0.464040
0.512395
0.434866
0.679326
0.591060
0.447144
0.548175
0.580672
0.529457
0.359730
0.373041
0.512185
0.455510
0.605337
0.546508
0.782003
0.569432
0.380605
0.389341
0.426972
0.330702
0.466748
0.487634
0.449940
0.533934
0.512269
0.509927
0.466133
0.685754
0.419120
0.522333
0.491529
0.490885
0.524950
0.564155
0.492170
0.490125
0.412018
0.503933
0.416802
0.430606
0.564840
0.454630
0.572675
0.448495
0.397417
0.563390
0.578291
0.410139
0.573356
0.527394
0.534355
0.515168
0.430690
0.515619
0.454483
0.521475
0.423664
0.573927
0.544422
0.497185
0.625268
0.484041
0.585196
0.636856
0.515187
0.500634
0.448083
0.485233
0.363908
0.509757
0.500697
0.648860
0.409356
0.421950
0.402396
0.478911
0.343792
0.674142
0.603458
0.459994
0.475002
0.489855
0.518746
0.561792
0.339514
0.383819
0.379992
0.548233
0.633499
0.364036
0.401589
0.375527
0.538577
0.495867
0.618833
0.560685
0.489788
0.356883
0.585659
0.366203
0.444246
0.671088
0.416971
0.457788
0.526372
0.549812
0.535465
0.686615
0.381174
0.595908
0.532650
0.455459
0.405471
0.398667
0.409297
0.535261
0.539276
0.459266
0.437744
0.434299
0.539894
0.475128
0.538553
0.538590
0.457544
0.457545
0.459764
0.500142
0.423990
0.496488
0.457745
0.401702
0.450390
0.625323
0.376027
0.493799
0.498642
0.575022
0.566795
0.519886
0.489600
0.386759
0.385761
0.451893
0.507346
0.379645
0.345219
0.442219
0.435189
0.329672
0.489515
0.473479
0.419244
0.396907
0.310058
0.591896
0.481474
0.545073
0.340326
0.329241
0.482840
0.421180
0.552276
0.555671
0.517211
0.686792
0.642618
0.383668
0.397508
0.514341
0.604430
0.550883
0.545252
0.484012
0.477661
0.501879
0.598898
0.420761
0.486392
0.473451
0.462878
0.561794
0.487570
0.502564
0.399946
0.427476
0.504558
0.600642
0.514824
0.384442
0.356921
0.636850
0.557372
0.331065
0.499477
0.392230
0.560794
0.645361
0.588851
0.381026
0.464674
0.359799
0.543245
0.483423
0.485377
0.479879
0.605846
0.576609
0.519998
0.444166
0.465798
0.411317
0.467346
0.449960
0.446292
0.679579
0.442393
0.550426
0.450257
0.402049
0.619494
0.294444
0.546231
0.597403
0.446483
0.516936
0.435489
0.599742
0.695034
0.500420
0.411062
0.458416
0.492748
0.527324
0.495612
0.453167
0.515759
0.487613
0.432194
0.475259
0.591074
0.513325
0.560011
0.352114
0.603741
0.517931
0.515350
0.440052
0.342725
0.480558
0.480888
0.528847
0.564252
0.505031
0.681375
0.556521
0.434304
0.752760
0.503383
0.555971
0.447403
0.317839
0.489546
0.521137
0.540956
0.392085
0.539858
0.478564
0.481311
0.426095
0.528721
0.518112
0.345306
0.460395
0.401541
0.605268
0.478848
0.406166
0.513722
0.378699
0.377550
0.509333
0.546602
0.530190
0.352942
0.449062
0.462754
0.586023
0.355157
0.360029
0.462095
0.616486
0.526031
0.413404
0.440258
0.423012
0.449712
0.364994
0.520505
0.446934
0.448290
0.656925
0.434645
0.537455
0.579021
0.377841
0.397364
0.338905
0.525568
0.566810
0.597484
0.502092
0.360683
0.342376
0.546308
0.462266
0.531079
0.520427
0.525068
0.401634
0.643861
0.514063
0.545777
0.455349
0.478606
0.532656
0.527975
0.485714
0.423285
0.557405
0.481871
0.336406
0.403829
0.506686
0.458724
0.378240
0.466356
0.492228
0.461031
0.461011
0.450720
0.433155
0.408398
0.377053
0.427510
0.539364
0.635980
0.515734
0.436919
0.515222
0.403352
0.503002
0.312562
0.391559
0.537401
0.557826
0.500755
0.478845
0.462253
0.466933
0.334028
0.649065
0.402701
0.398599
0.430921
0.560623
0.356546
0.535125
0.417260
0.516589
0.341685
0.461269
0.455241
0.420327
0.352842
0.346980
0.498785
0.557590
0.334669
0.389765
0.432557
0.409207
0.526662
0.713638
0.504463
0.428078
0.419797
0.422137
0.378081
0.474389
0.487327
0.427710
0.539789
0.415976
0.313409
0.547134
0.526202
0.657652
0.464778
0.357341
0.572486
0.528322
0.428485
0.613388
0.542244
0.548627
0.535352
0.606721
0.674888
0.475612
0.502207
0.599626
0.535915
0.487522
0.661000
0.469987
0.540544
0.541939
0.450771
0.422958
0.387855
0.530698
0.468010
0.425046
0.402188
0.467190
0.411903
0.526982
0.649302
0.554718
0.555655
0.465895
0.602392
0.443735
0.495134
0.413792
0.383340
0.525513
0.419933
0.436488
0.492989
0.410335
0.426461
0.496422
0.374140
0.621273
0.422732
0.604620
0.560294
0.413622
0.380687
0.496734
0.496657
0.367605
0.411506
0.376230
0.547690
0.410089
0.402779
0.364454
0.423959
0.496435
0.636020
0.463431
0.636062
0.400423
0.519325
0.478058
0.593112
0.502203
0.599325
0.576756
0.607166
0.611245
0.484348
0.493098
0.435815
0.431653
0.485296
0.660758
0.512941
0.508427
0.437753
0.482189
0.369840
0.540461
0.408891
0.361099
0.570044
0.534910
0.422347
0.419025
0.653635
0.517877
0.313987
0.475605
0.562090
0.431197
0.406501
0.472900
0.506579
0.431460
0.484528
0.499690
0.544568
0.357206
0.412106
0.452547
0.524861
0.554656
0.427827
0.543402
0.486146
0.533282
0.487446
0.551010
0.414440
0.343216
0.464436
0.489099
0.603268
0.447914
0.433290
0.410960
0.519015
0.482228
0.343571
0.493360
0.455009
0.485468
0.434033
0.506271
0.390523
0.283818
0.679109
0.563083
0.583030
0.486249
0.414669
0.436827
0.401597
0.445163
0.441457
0.500824
0.456875
0.433174
0.384676
0.621964
0.622241
0.344364
0.345904
0.430683
0.308311
0.560913
0.487627
0.508845
0.467693
0.486128
0.471471
0.347108
0.438049
0.435846
0.499644
0.427684
0.413762
0.456770
0.449375
0.480833
0.425118
0.478154
0.371153
0.395706
0.462309
0.547843
0.588754
0.619860
0.482207
0.430823
0.434866
0.511218
0.369998
0.451910
0.550182
0.523047
0.413023
0.508628
0.690570
0.565292
0.437779
0.511833
0.466176
0.500250
0.484653
0.558195
0.485189
0.406779
0.425662
0.536835
0.417188
0.507426
0.484911
0.452226
0.434844
0.437084
0.478491
0.472880
0.347635
0.486703
0.554830
0.552742
0.597646
0.601570
0.584722
0.475194
0.371251
0.479006
0.491224
0.447027
0.599552
0.354488
0.458960
0.435098
0.569850
0.554210
0.420422
0.507137
0.529306
0.496557
0.415396
0.581485
0.451743
0.536681
0.477830
0.581289
0.512971
0.329760
0.369707
0.560473
0.604061
0.411216
0.424630
0.616161
0.490422
0.419303
0.416218
0.472890
0.442278
0.529533
0.500221
0.549599
0.304442
0.608094
0.433862
0.503098
0.481477
0.441056
0.495037
0.455605
0.429097
0.535546
0.528473
0.407591
0.360896
0.455459
0.462065
0.551023
0.432700
0.488075
0.663287
0.358601
0.685088
0.440265
0.334324
0.485027
0.409640
0.405968
0.356037
0.543925
0.361873
0.453057
0.437961
0.575525
0.314793
0.427176
0.599308
0.543938
0.400211
0.547987
0.353625
0.377874
0.770811
0.517804
0.500198
0.476461
0.380215
0.397237
0.556112
0.361031
0.578954
0.611113
0.342293
0.445995
0.418445
0.442146
0.488383
0.437613
0.543517
0.418239
0.547579
0.412417
0.420804
0.338158
0.298552
0.363408
0.433539
0.443803
0.390047
0.636561
0.411537
0.447305
0.461682
0.594395
0.668061
0.380577
0.374936
0.446797
0.489133
0.481305
0.552700
0.494294
0.595718
0.432646
0.438211
0.450206
0.490902
0.520255
0.495557
0.434104
0.462266
0.495550
0.556837
0.678165
0.292227
0.531824
0.441737
0.446079
0.362910
0.471444
0.363720
0.563256
0.445755
0.546621
0.425229
0.365765
0.463056
0.397201
0.384196
0.508820
0.552937
0.399666
0.353468
0.501067
0.650490
0.520153
0.439506
0.502853
0.537130
0.453969
0.599828
0.498893
0.520257
0.309443
0.436892
0.406375
0.436286
0.419188
0.368994
0.506486
0.438969
0.393027
0.604100
0.434771
0.446988
0.441240
0.411885
0.398366
0.351343
0.450321
0.402376
0.313889
0.562651
0.392923
0.333559
0.537952
0.359542
0.639164
0.337854
0.448475
0.467874
0.446715
0.357072
0.421553
0.350809
0.364999
0.399259
0.352627
0.321716
0.434677
0.348077
0.348962
0.360508
0.364602
0.403777
0.454595
0.461394
0.354487
0.314463
0.543196
0.416085
0.447148
0.448338
0.504088
0.512217
0.309136
0.498678
0.409528
0.504805
0.431415
0.515496
0.597929
0.457093
0.511147
0.336347
0.317458
0.370626
0.550871
0.510047
0.568129
0.533751
0.378389
0.583105
0.467095
0.424647
0.375489
0.390247
0.477831
0.542347
0.374403
0.593939
0.668147
0.608863
0.634423
0.528780
0.441565
0.514227
0.490084
0.586385
0.462721
0.426743
0.508075
0.390488
0.577078
0.473650
0.585111
0.526733
0.544980
0.442491
0.571186
0.426492
0.540922
0.475294
0.496544
0.380186
0.424448
0.488843
0.578469
0.444344
0.388015
0.566561
0.327925
0.585355
0.422788
0.386512
0.455137
0.401750
0.331431
0.319712
0.463314
0.411877
0.467045
0.365483
0.380525
0.571455
0.395691
0.555200
0.374959
0.313001
0.528075
0.496805
0.316334
0.437113
0.461800
0.523119
0.381939
0.525867
0.279201
0.365484
0.409761
0.492095
0.408776
0.524587
0.449049
0.374016
0.516109
0.481174
0.454468
0.684019
0.507371
0.350953
0.726108
0.449246
0.490583
0.425577
0.440639
0.516574
0.721220
0.397701
0.526456
0.428513
0.664471
0.478673
0.483910
0.527898
0.603160
0.543072
0.553249
0.382415
0.420321
0.425004
0.383596
0.533128
0.517454
0.493520
0.456733
0.308087
0.400386
0.384934
0.650731
0.394349
0.520797
0.422306
0.515470
0.492971
0.507368
0.478709
0.452798
0.647083
0.468148
0.360938
0.435885
0.527936
0.430705
0.315633
0.507122
0.502854
0.545984
0.294264
0.498513
0.300834
0.463884
0.619287
0.583268
0.452342
0.477072
0.459133
0.392817
0.682127
0.638252
0.425954
0.493216
0.479802
0.528357
0.560531
0.490329
0.331756
0.431375
0.366251
0.451325
0.469772
0.444932
0.480911
0.454993
0.509290
0.460043
0.449812
0.409919
0.450409
0.434652
0.459278
0.566286
0.512364
0.648121
0.544062
0.427258
0.361011
0.390169
0.614180
0.516125
0.512806
0.471074
0.631644
0.603844
0.529353
0.484682
0.496622
0.528424
0.367654
0.494795
0.421262
0.588062
0.611011
0.499808
0.347824
0.469580
0.432511
0.346786
0.355446
0.483181
0.494487
0.508442
0.423049
0.451153
0.365725
0.302939
0.641021
0.471463
0.641599
0.396591
0.458944
0.446339
0.580411
0.470456
0.263084
0.457698
0.419428
0.494750
0.591659
0.409006
0.516639
0.340967
0.420957
0.369688
0.371934
0.426889
0.401136
0.441799
0.594009
0.417371
0.525648
0.530828
0.346389
0.483392
0.413764
0.411617
0.425014
0.678973
0.511063
0.351745
0.600692
0.504300
0.262996
0.565967
0.375234
0.555537
0.264800
0.438424
0.365321
0.515525
0.384270
0.513367
0.399486
0.465336
0.438353
0.554134
0.476777
0.420985
0.310930
0.497405
0.528506
0.519443
0.485515
0.417306
0.407386
0.413029
0.484839
0.557277
0.442423
0.471733
0.421866
0.385171
0.504939
0.386765
0.351587
0.406553
0.449865
0.462969
0.489623
0.483025
0.428006
0.409867
0.434653
0.438750
0.332451
0.467786
0.401916
0.443579
0.402412
0.389252
0.574855
0.359275
0.388306
0.405810
0.455571
0.428550
0.481721
0.467718
0.586939
0.511685
0.378012
0.437961
0.458417
0.392026
0.505078
0.538713
0.443038
0.363660
0.444896
0.413320
0.383629
0.429455
0.519101
0.381058
0.444672
0.301941
0.284554
0.323407
0.453782
0.358761
0.475870
0.403193
0.344463
0.397508
0.289855
0.404018
0.466765
0.298703
0.475223
0.386558
0.568603
0.458345
0.416198
0.536868
0.375363
0.569656
0.340728
0.367054
0.327169
0.419662
0.598156
0.373688
0.554765
0.425628
0.566581
0.477248
0.473029
0.513359
0.470877
0.538007
0.301559
0.452576
0.590992
0.488967
0.502160
0.581381
0.535462
0.488591
0.389567
0.391572
0.358352
0.422915
0.360252
0.528398
0.413592
0.410614
0.478330
0.350360
0.362815
0.481069
0.478594
0.431480
0.322000
0.314310
0.526298
0.472014
0.309587
0.453223
0.645185
0.594786
0.548138
0.411728
0.504423
0.330483
0.446961
0.553578
0.440882
0.503162
0.430537
0.418584
0.455248
0.464545
0.566300
0.324061
0.437662
0.414934
0.402646
0.478234
0.394314
0.352230
0.394625
0.425393
0.434083
0.497856
0.387658
0.545736
0.593213
0.512427
0.466662
0.491408
0.493372
0.413574
0.565939
0.491093
0.456874
0.508477
0.288883
0.588480
0.432359
0.483028
0.371334
0.479049
0.333620
0.508818
0.577151
0.399361
0.486914
0.475712
0.480166
0.449564
0.464204
0.479436
0.423293
0.423631
0.324759
0.622419
0.478831
0.366573
0.475633
0.405166
0.510022
0.418084
0.463043
0.489164
0.460853
0.561433
0.507538
0.454112
0.508679
0.466482
0.441543
0.472871
0.388046
0.284418
0.452530
0.620376
0.411583
0.437827
0.378758
0.475997
0.483977
0.483216
0.514958
0.307548
0.391583
0.484231
0.457865
0.657366
0.361776
0.330847
0.508602
0.356498
0.435997
0.297588
0.505062
0.369297
0.492581
0.408477
0.462167
0.328333
0.390376
0.347365
0.384353
0.481351
0.476802
0.514827
0.404049
0.508197
0.256189
0.311551
0.453871
0.335169
0.466631
0.342487
0.525352
0.587976
0.402535
0.353101
0.357187
0.401779
0.385670
0.307499
0.325174
0.503522
0.415223
0.495791
0.415689
0.372711
0.444437
0.559336
0.526044
0.330785
0.482472
0.430641
0.367386
0.431025
0.496891
0.487194
0.314890
0.507922
0.415594
0.513660
0.413620
0.540927
0.384958
0.561127
0.540249
0.596093
0.584592
0.429887
0.510536
0.491309
0.465090
0.574904
0.375982
0.473192
0.556367
0.374024
0.307482
0.603556
0.404628
0.595947
0.468905
0.461206
0.362438
0.457403
0.615895
0.471863
0.404327
0.489554
0.360537
0.401275
0.462438
0.475469
0.590422
0.535504
0.396262
0.587511
0.362077
0.423189
0.471128
0.398396
0.313153
0.445680
0.628006
0.471628
0.412905
0.545836
0.383105
0.532059
0.414228
0.447066
0.376185
0.408700
0.453439
0.418358
0.518325
0.431123
0.652283
0.331817
0.551284
0.569242
0.613568
0.664677
0.567795
0.455674
0.393884
0.355240
0.548805
0.493757
0.414666
0.580407
0.486057
0.483967
0.605641
0.490038
0.562409
0.500160
0.266023
0.428448
0.517098
0.527840
0.390934
0.411727
0.702287
0.506888
0.410327
0.323916
0.400293
0.452148
0.675527
0.274332
0.476353
0.535230
0.317691
0.394895
0.628182
0.537418
0.295149
0.615811
0.547813
0.467477
0.409977
0.442113
0.503269
0.438215
0.401609
0.468914
0.397115
0.506471
0.411063
0.560050
0.510377
0.447290
0.422279
0.272569
0.386089
0.426315
0.482851
0.565672
0.489771
0.389472
0.427086
0.415881
0.545685
0.669389
0.356247
0.396779
0.562073
0.240850
0.435425
0.387890
0.481549
0.350911
0.298853
0.460373
0.324248
0.438154
0.494921
0.390458
0.349000
0.320798
0.425690
0.392817
0.549406
0.343436
0.357030
0.377950
0.437029
0.311443
0.441521
0.526692
0.370497
0.415735
0.564717
0.497097
0.283673
0.486785
0.550135
0.315739
0.368160
0.443792
0.305747
0.439223
0.540459
0.368002
0.418959
0.536597
0.337991
0.564125
0.435179
0.361235
0.433155
0.490427
0.339935
0.294360
0.490378
0.506325
0.480079
0.309759
0.345954
0.346600
0.393687
0.547492
0.480333
0.397271
0.581483
0.419663
0.326361
0.422063
0.484106
0.437378
0.427976
0.324227
0.376153
0.425584
0.392015
0.485061
0.406894
0.466565
0.272885
0.444959
0.395580
0.516022
0.336682
0.413898
0.493178
0.584243
0.248310
0.513030
0.412627
0.379970
0.493815
0.326935
0.582297
0.334624
0.412237
0.415444
0.319752
0.319755
0.506253
0.695523
0.435242
0.358978
0.443994
0.382235
0.454695
0.437749
0.575030
0.438710
0.290666
0.586525
0.534659
0.326158
0.457493
0.492159
0.576534
0.230408
0.435840
0.417158
0.501024
0.307890
0.429773
0.383994
0.355554
0.518113
0.400167
0.365458
0.461453
0.279557
0.452579
0.331246
0.321918
0.464923
0.245224
0.427492
0.404878
0.372435
0.574207
0.375615
0.370301
0.443762
0.359248
0.458033
0.397514
0.450113
0.533531
0.355056
0.572824
0.526898
0.363866
0.362898
0.459294
0.468287
0.313887
0.327894
0.547200
0.239473
0.511158
0.457891
0.544907
0.327845
0.526624
0.389874
0.663684
0.382820
0.322383
0.498272
0.476102
0.406111
0.507922
0.459569
0.368682
0.497903
0.380665
0.538871
0.412324
0.388736
0.561962
0.486326
0.532547
0.556519
0.525567
0.607923
0.425155
0.308748
0.351383
0.550666
0.397402
0.480474
0.570176
0.364024
0.517772
0.358251
0.366359
0.409403
0.392521
0.375021
0.549891
0.360820
0.369513
0.470616
0.461472
0.382763
0.356791
0.424770
0.432111
0.355548
0.424714
0.486444
0.510961
0.484008
0.531833
0.415933
0.307128
0.486522
0.615293
0.343149
0.368093
0.476961
0.388672
0.363081
0.431161
0.429457
0.326621
0.414839
0.512529
0.454833
0.418066
0.347031
0.446959
0.513927
0.428623
0.484960
0.421407
0.379829
0.471535
0.532110
0.426716
0.592748
0.387096
0.371685
0.556983
0.354051
0.553847
0.322919
0.433594
0.391233
0.520423
0.477369
0.460059
0.462175
0.408988
0.442665
0.472083
0.401946
0.472545
0.461601
0.459414
0.395276
0.285479
0.385914
0.515642
0.344156
0.334031
0.386930
0.654932
0.379390
0.515228
0.381377
0.490635
0.465276
0.556687
0.546162
0.518261
0.372458
0.460514
0.545958
0.402185
0.344957
0.432264
0.318316
0.380853
0.370694
0.413010
0.477504
0.444741
0.506718
0.319733
0.524326
0.382887
0.438069
0.485487
0.504737
0.345056
0.330993
0.382373
0.431914
0.485787
0.328494
0.342415
0.444405
0.323129
0.483786
0.465284
0.371196
0.432373
0.493268
0.489060
0.293259
0.442629
0.275871
0.404465
0.590942
0.503839
0.472039
0.436590
0.350646
0.483822
0.531968
0.372156
0.555091
0.410732
0.340361
0.371553
0.405056
0.432745
0.373265
0.499513
0.364180
0.411720
0.275577
0.520458
0.465371
0.312843
0.559221
0.298369
0.380435
0.438006
0.441782
0.329635
0.484669
0.392975
0.436740
0.436237
0.503041
0.369665
0.410441
0.412956
0.564276
0.421878
0.346663
0.353936
0.338050
0.435299
0.429255
0.404544
0.516039
0.528706
0.399885
0.442847
0.335051
0.544347
0.387871
0.371556
0.416084
0.577260
0.542979
0.391221
0.417395
0.510830
0.373165
0.411655
0.246404
0.520062
0.309280
0.404907
0.376248
0.418019
0.408977
0.347020
0.476150
0.255089
0.472114
0.327127
0.319057
0.481054
0.531205
0.348771
0.263328
0.349490
0.408428
0.344899
0.437282
0.454922
0.346528
0.359656
0.412968
0.327203
0.334444
0.394161
0.363476
0.275212
0.484822
0.378175
0.462861
0.354111
0.455366
0.290154
0.470719
0.511818
0.519445
0.443914
0.330664
0.550589
0.541740
0.340584
0.362472
0.367865
0.337964
0.374356
0.321009
0.375133
0.312400
0.421890
0.263282
0.328588
0.384214
0.403482
0.293981
0.412626
0.619653
0.329986
0.401086
0.320342
0.315888
0.456116
0.487029
0.251674
0.301069
0.355439
0.435397
0.274538
0.608314
0.461076
0.331456
0.293542
0.326181
0.398110
0.447470
0.333641
0.375989
0.618946
0.509209
0.435296
0.540332
0.319626
0.319604
0.380749
0.285307
0.371473
0.515256
0.413222
0.413764
0.408668
0.441359
0.475509
0.347473
0.510033
0.587211
0.318352
0.454779
0.339857
0.294085
0.495166
0.305881
0.346025
0.561889
0.427347
0.463967
0.428513
0.533958
0.479625
0.440758
0.537917
0.422880
0.563624
0.524856
0.495758
0.391356
0.371831
0.434202
0.480458
0.370640
0.386782
0.394056
0.454365
0.366521
0.499837
0.387323
0.384422
0.464588
0.386734
0.446458
0.590731
0.506101
0.416751
0.307008
0.371280
0.351778
0.407658
0.464249
0.431052
0.518168
0.324212
0.432648
0.497427
0.424732
0.496449
0.296781
0.285875
0.388068
0.488527
0.509336
0.511751
0.351904
0.336654
0.392938
0.355508
0.388274
0.340865
0.438941
0.359535
0.426926
0.445246
0.408062
0.535113
0.429452
0.320906
0.370025
0.517605
0.322547
0.505951
0.575318
0.393984
0.374933
0.453046
0.438761
0.433194
0.427888
0.562515
0.419251
0.431591
0.233891
0.529015
0.436436
0.401079
0.479790
0.322414
0.419953
0.414404
0.416186
0.392113
0.366555
0.465759
0.316381
0.408915
0.566147
0.612046
0.409892
0.395136
0.379391
0.614914
0.409476
0.389567
0.504712
0.491903
0.521768
0.310135
0.358565
0.466260
0.388404
0.505069
0.471654
0.458227
0.362166
0.419193
0.469826
0.371422
0.396297
0.374082
0.214699
0.471053
0.469207
0.409453
0.424321
0.420381
0.621679
0.430858
0.298265
0.272804
0.342935
0.473248
0.503805
0.492393
0.427658
0.469057
0.519954
0.372639
0.342007
0.376891
0.471697
0.333846
0.469417
0.445775
0.370096
0.380347
0.482611
0.460549
0.365878
0.429157
0.473518
0.406112
0.451889
0.570410
0.424230
0.348467
0.404219
0.504588
0.394603
0.599602
0.403504
0.487703
0.476278
0.443661
0.455386
0.408730
0.546082
0.475594
0.449178
0.435557
0.442861
0.329267
0.379498
0.408666
0.508113
0.438124
0.430382
0.354064
0.342062
0.318331
0.349853
0.472375
0.454870
0.303079
0.405359
0.372762
0.482828
0.502808
0.422951
0.421444
0.327406
0.494416
0.289801
0.426181
0.357913
0.426446
0.438173
0.448502
0.429396
0.432234
0.304419
0.388014
0.521055
0.516583
0.425039
0.450065
0.583977
0.408652
0.460741
0.516818
0.446794
0.410667
0.411696
0.436750
0.371222
0.273838
0.357297
0.435024
0.304833
0.452931
0.351322
0.542156
0.465891
0.392402
0.475311
0.460453
0.611257
0.434517
0.418039
0.315125
0.421282
0.374732
0.504073
0.475415
0.365042
0.480963
0.474090
0.577172
0.445763
0.395652
0.414293
0.542490
0.451279
0.445136
0.279413
0.268657
0.486535
0.425871
0.468895
0.702040
0.331135
0.374922
0.463354
0.483498
0.571009
0.388432
0.445915
0.450180
0.334824
0.394045
0.362912
0.519721
0.279712
0.446910
0.488533
0.352221
0.446852
0.463604
0.469701
0.402191
0.359003
0.424903
0.401925
0.408933
0.225294
0.349203
0.310395
0.316904
0.414247
0.635976
0.414779
0.454270
0.428911
0.459025
0.302479
0.517952
0.521763
0.447403
0.435087
0.424178
0.616980
0.377304
0.434529
0.241668
