2.302972
8.856718
2.298784
2.310590
2.308302
2.307730
2.302200
2.297729
2.303094
2.300664
2.301342
2.299546
2.304788
2.300261
2.305264
2.303471
2.298242
2.301621
2.294848
2.303607
2.303874
2.298595
2.303509
2.304961
2.298773
2.309558
2.300807
2.306081
2.304694
2.300551
2.299770
2.304545
2.292929
2.288769
2.282910
2.257010
2.263519
2.222875
2.264787
2.212549
2.253112
2.221297
2.209542
2.198280
2.110165
2.186581
2.131796
2.165306
2.115864
2.200432
2.097251
2.126540
2.041287
2.198016
2.292869
2.146444
2.156515
2.184083
2.167629
2.211280
2.119875
2.164973
2.148321
2.163497
2.121208
2.127747
2.070644
2.140659
2.132402
2.129397
2.123444
2.122704
2.093939
2.098057
2.062967
2.123504
2.097822
2.034380
2.074669
2.054912
2.042226
2.026297
2.092752
2.069809
2.044947
2.162742
2.052387
2.048448
1.950257
1.963996
2.025856
1.927004
2.126372
2.122979
1.983326
2.008926
2.043576
2.019382
1.947711
1.996314
2.069405
1.986426
2.052394
2.043925
2.032495
1.912793
1.978642
1.996385
1.985284
2.006321
2.005122
1.955986
1.976000
2.096292
1.992788
1.989131
1.965786
2.038607
2.066560
2.019659
2.018713
2.007785
2.008883
1.974922
2.019477
2.042153
1.997925
1.950170
2.037826
1.942968
1.925828
1.861987
2.028847
2.000094
1.952677
1.934030
1.929717
2.056584
2.052792
1.911629
1.961100
1.976986
1.922940
1.962526
1.959349
1.964299
2.065807
2.095048
1.912521
2.010851
1.967248
1.996168
2.135881
2.133241
1.957112
1.936105
2.187045
1.997007
2.049086
1.974283
2.035341
2.044809
2.035065
2.029555
2.068080
2.007077
1.951385
1.981809
2.010651
2.057613
1.990231
1.949057
1.955275
1.962021
1.912785
1.916935
1.921511
1.852019
1.856304
1.940528
1.829273
1.984740
1.975061
1.888398
1.915238
1.893436
1.881254
2.045288
1.961542
1.884586
2.031942
2.038351
2.021087
1.874833
1.918289
1.849213
2.028061
1.978926
1.838644
1.954465
1.915990
1.927788
1.978244
1.905354
1.945229
1.911767
1.962770
1.877895
1.947643
2.040963
2.014359
1.863922
1.903769
1.952624
1.884267
1.942950
1.895981
1.944698
2.015273
1.990058
1.909925
1.966169
1.849252
1.773994
1.963276
1.984735
1.925750
2.115724
1.948315
1.913791
1.921072
2.017996
1.921215
1.903662
1.902059
1.918396
1.848921
1.841625
1.829993
1.966843
1.877054
1.946186
2.080826
1.914005
2.067554
1.937539
1.921576
1.945606
2.007333
1.964711
1.875197
1.863097
2.017156
1.860883
2.083848
1.985670
1.934104
1.929967
1.932442
1.884959
1.916976
1.900857
1.943804
1.942126
1.925726
1.876063
1.887240
2.036546
1.882321
1.891859
1.779137
1.936807
1.930302
1.860178
1.966708
1.961674
1.864976
1.948538
2.032676
1.840222
1.920125
1.976022
1.923074
1.764901
2.022246
2.027392
1.927530
1.953045
1.920322
1.931293
1.857053
1.822389
1.914746
1.905062
2.071296
1.827047
1.866744
1.884091
1.844140
1.922216
1.866151
1.799686
1.944248
1.829508
1.923294
1.918306
1.889862
1.987784
1.932340
1.854000
1.874291
1.891715
1.977004
1.896904
1.911525
1.859084
1.914903
1.906330
1.956068
1.881836
1.904136
1.885403
1.814901
1.891445
1.894546
1.954771
1.912459
1.854843
2.081483
1.894116
1.926410
1.933895
1.796063
1.876148
1.900805
1.938726
2.013638
1.829765
1.909353
1.829522
1.938333
1.857127
1.951146
1.780024
1.879503
1.935820
1.772995
1.819330
1.825165
1.869537
1.761996
1.912078
1.865534
2.052310
2.015904
1.942515
1.843125
1.842800
1.919773
1.928562
1.882601
1.828941
1.855717
1.782673
1.783343
1.928627
1.811150
1.948244
1.914955
1.801950
1.907860
1.924640
1.857358
1.853597
1.842116
1.845163
1.903460
1.800282
1.901187
1.799829
1.830295
1.803552
1.831092
1.812376
1.909991
1.821963
1.866795
1.941642
1.995425
1.843452
1.875588
1.932619
1.932695
1.797076
2.005614
1.790051
1.860183
1.984297
1.917248
1.807595
1.914569
1.820971
1.891006
1.855629
1.940638
1.854494
1.894579
1.818288
1.883180
1.865476
1.836444
1.879892
1.763589
1.835219
1.844323
1.942747
1.826751
1.796005
1.716900
1.902717
1.778287
1.745267
1.952461
1.857635
1.818480
1.884518
1.884946
1.944853
1.879282
1.835605
1.855285
1.891154
1.953985
1.914438
1.787798
1.847675
2.018034
1.835432
1.869950
1.972349
1.949585
1.980741
1.884803
1.963593
1.961961
1.911458
1.879276
1.840421
1.959066
1.907088
1.844613
1.853529
1.903527
1.875778
2.095873
1.777537
1.981568
1.838929
1.798574
1.912123
1.864998
1.803354
1.788212
1.861554
1.856014
1.829081
1.921011
1.894426
1.756835
1.845720
1.872469
1.858645
1.823861
1.819934
1.966051
1.954858
1.762520
1.838778
1.920608
1.933488
1.733677
1.818001
1.799934
1.785955
1.805834
1.911927
1.819736
1.931416
1.845485
1.918374
2.007545
1.847569
1.809413
1.886177
1.811523
1.808340
1.858924
1.822256
1.835063
1.679702
1.784184
1.777429
1.943176
1.843098
1.893005
1.833297
1.822421
1.731122
1.874743
1.794084
1.855557
1.772489
1.816594
1.814066
1.869775
1.774634
1.768785
1.737145
1.856385
1.857648
1.939188
1.862096
1.931746
1.753017
1.772223
1.783257
1.699992
1.810664
1.770211
1.813576
1.751819
1.813101
1.866477
1.878868
1.716558
1.770176
1.797325
1.747388
1.882478
1.855857
1.792575
1.754136
1.702219
1.791957
1.859151
1.849261
1.603242
1.849031
1.800746
1.760093
1.827148
1.950874
2.007388
1.817243
1.801959
1.838900
1.850838
1.904641
1.997567
1.903401
1.831757
1.828323
1.860732
1.879069
1.876715
1.861559
1.887588
1.784619
1.753248
1.946829
1.879595
1.904849
1.813758
1.822888
1.925188
1.904032
1.824714
1.894560
1.870428
1.910889
1.891135
1.831493
1.746772
1.799672
1.911877
1.862499
1.818462
1.706089
1.986555
1.739170
1.760121
1.857513
1.967536
1.747477
1.812400
1.876997
1.847279
1.813915
1.791291
1.817777
1.856819
1.751757
1.858119
1.746492
1.743436
1.870566
1.817431
1.793230
1.781142
1.749934
1.757004
1.719853
1.648575
1.785985
1.915769
1.815310
1.739111
1.782836
1.665339
1.788047
1.681248
1.830672
1.834364
1.807895
1.707056
1.723763
1.902734
1.659057
1.807999
1.841041
1.853687
1.878965
1.853299
1.729628
1.761348
1.621292
1.661565
1.705070
1.749844
1.802839
1.709138
1.710550
1.823088
1.862927
1.707253
1.769439
1.716372
1.806276
1.812803
1.644001
1.665905
1.755606
1.699731
1.682569
1.634837
1.744476
1.673701
1.760615
1.722542
1.681938
1.756496
1.762101
1.709068
1.703271
1.691689
1.807176
1.814435
1.688463
1.758857
1.737977
1.769652
1.688863
1.788962
1.757377
1.876967
1.768199
1.757159
1.731942
1.658670
1.828368
1.799538
1.735646
1.761083
1.707709
1.566749
1.647227
1.669955
1.897131
1.648327
1.604835
1.901661
1.643333
1.767397
1.711401
1.681216
1.677101
1.594657
1.732065
1.832680
1.731257
1.593758
1.786597
1.677723
1.667529
1.715226
1.709019
1.661896
1.700624
1.695035
1.634189
1.619636
1.717873
1.789545
1.926422
1.740797
1.725452
1.711575
1.783350
1.627697
1.643389
1.749617
1.700338
1.714229
1.743369
1.751505
1.731948
1.753559
1.659780
1.710862
1.749705
1.673496
1.622018
1.819249
1.838788
1.609971
1.771646
1.656553
1.738793
1.708317
1.758600
1.658159
1.746720
1.708098
1.661856
1.831001
1.631960
1.636887
1.775887
1.652829
1.655222
1.678126
1.763940
1.728080
1.724200
1.727584
1.578989
1.555633
1.759796
1.860153
1.752838
1.637216
1.537005
1.720381
1.561046
1.729621
1.678235
1.582647
1.733069
1.630229
1.519066
1.620127
1.732660
1.826199
1.604050
1.747927
1.758121
1.704206
1.613627
1.668257
1.672350
1.749636
1.633979
1.790965
1.843316
1.643442
1.545491
1.656354
1.866922
1.675329
1.704116
1.643757
1.664150
1.746346
1.711681
1.716553
1.663299
1.655575
1.569338
1.656164
1.428210
1.571860
1.632720
1.644004
1.668932
1.650539
1.833930
1.631496
1.595803
1.693135
1.638511
1.660070
1.495161
1.611561
1.527087
1.705130
1.533200
1.510229
1.693809
1.519158
1.632484
1.667163
1.583834
1.687486
1.613159
1.679448
1.674150
1.505302
1.668185
1.658153
1.724893
1.586376
1.545133
1.651638
1.648730
1.480715
1.510484
1.482181
1.599878
1.643186
1.489038
1.660092
1.720169
1.525040
1.694877
1.634176
1.605657
1.766721
1.874943
1.762265
1.624010
1.677883
1.879432
1.697682
1.773287
1.665733
1.678047
1.650458
1.666681
1.664883
1.748471
1.632156
1.672944
1.508798
1.620010
1.658397
1.631749
1.629166
1.562799
1.628033
1.646960
1.666089
1.602749
1.470901
1.547893
1.571009
1.741300
1.687332
1.762560
1.681115
1.491853
1.566718
1.616644
1.682545
1.533136
1.589270
1.533205
1.514143
1.560141
1.695897
1.626816
1.602343
1.585487
1.562754
1.574373
1.521630
1.572759
1.606638
1.629946
1.713812
1.633775
1.654419
1.565676
1.661248
1.616240
1.574188
1.649354
1.532438
1.430726
1.503467
1.541638
1.676094
1.758985
1.602833
1.444946
1.492609
1.703920
1.784366
1.649841
1.596932
1.652752
1.685746
1.708861
1.502316
1.628061
1.498445
1.760215
1.610456
1.574697
1.531586
1.687849
1.574822
1.744848
1.494177
1.464482
1.501435
1.645323
1.555571
1.584658
1.464108
1.533071
1.584374
1.595738
1.707651
1.526016
1.560838
1.538067
1.599287
1.702403
1.591795
1.536111
1.862101
1.726984
1.601408
1.572688
1.675977
1.707118
1.546432
1.607463
1.455174
1.625773
1.542679
1.623942
1.676183
1.686691
1.686956
1.510661
1.573219
1.737452
1.555300
1.550646
1.659752
1.598265
1.550510
1.545358
1.553333
1.535060
1.683708
1.674703
1.654542
1.542353
1.602093
1.679444
1.527138
1.601782
1.741817
1.428704
1.678372
1.628430
1.657437
1.803839
1.437475
1.691987
1.562236
1.575835
1.624420
1.655903
1.594888
1.529561
1.560243
1.568451
1.510000
1.529200
1.656311
1.462029
1.455237
1.579068
1.611622
1.548182
1.423172
1.587291
1.507514
1.424332
1.446912
1.535803
1.512616
1.658239
1.482632
1.602217
1.496798
1.647410
1.565980
1.695402
1.477591
1.524145
1.556411
1.671080
1.646233
1.747795
1.594891
1.432884
1.672699
1.595486
1.461184
1.456490
1.573472
1.666597
1.468968
1.435596
1.552318
1.466818
1.874166
1.420532
1.345183
1.541991
1.460550
1.519943
1.509759
1.412417
1.444508
1.460389
1.551303
1.614415
1.393964
1.556799
1.532208
1.554869
1.564401
1.521978
1.558841
1.470761
1.548416
1.445003
1.423213
1.470950
1.574133
1.651050
1.564877
1.625734
1.739075
1.658944
1.430408
1.655521
1.579148
1.528138
1.741133
1.511387
1.518119
1.721943
1.404693
1.424046
1.560303
1.541804
1.404166
1.621907
1.579428
1.643956
1.538085
1.648232
1.616207
1.490922
1.635954
1.477269
1.491654
1.453309
1.622414
1.605770
1.483178
1.567957
1.451668
1.382203
1.496884
1.559379
1.480289
1.414071
1.477449
1.468698
1.393718
1.570039
1.623892
1.473998
1.470082
1.536259
1.414996
1.426259
1.568316
1.434121
1.420283
1.572589
1.418857
1.398707
1.500098
1.446589
1.429674
1.652806
1.634485
1.663948
1.515262
1.542351
1.559318
1.484188
1.476748
1.526587
1.576028
1.576479
1.491752
1.479955
1.418374
1.511635
1.481217
1.376784
1.477232
1.472664
1.562051
1.633676
1.488084
1.534424
1.441015
1.409167
1.545616
1.542059
1.407769
1.360749
1.466267
1.647257
1.446445
1.532381
1.511149
1.353181
1.336977
1.440536
1.379605
1.441406
1.500724
1.300405
1.413834
1.445845
1.539593
1.316997
1.614870
1.715045
1.482102
1.440620
1.401212
1.476660
1.558212
1.442948
1.601904
1.571732
1.620953
1.567025
1.397675
1.493587
1.609478
1.662381
1.412647
1.511917
1.415990
1.480616
1.513611
1.457151
1.437524
1.368430
1.448528
1.504498
1.392097
1.502253
1.545676
1.554651
1.437657
1.512112
1.467716
1.343915
1.549791
1.392436
1.545104
1.633496
1.486427
1.507688
1.563929
1.517787
1.584922
1.571308
1.487982
1.423550
1.436113
1.418085
1.614482
1.571921
1.529987
1.608814
1.414748
1.584681
1.444049
1.560688
1.497725
1.466773
1.449572
1.519140
1.428215
1.513169
1.609964
1.415110
1.475417
1.515165
1.445315
1.420161
1.533758
1.564181
1.444962
1.589447
1.462253
1.455389
1.490795
1.215934
1.453235
1.420621
1.470186
1.487692
1.309300
1.521696
1.149483
1.472971
1.501789
1.504010
1.472458
1.450429
1.483173
1.497053
1.399165
1.432821
1.441051
1.449063
1.426081
1.442360
1.475941
1.228678
1.507502
1.529189
1.333692
1.478755
1.351882
1.351760
1.411092
1.397426
1.435202
1.595744
1.393345
1.435077
1.320609
1.630398
1.547859
1.464748
1.337958
1.274395
1.392740
1.255499
1.460775
1.493881
1.610192
1.406490
1.380253
1.472888
1.576540
1.535566
1.603177
1.482983
1.425867
1.229139
1.621388
1.478652
1.389060
1.307229
1.386843
1.411501
1.405527
1.207478
1.458308
1.399325
1.327486
1.328992
1.438235
1.401434
1.225821
1.242638
1.265107
1.398606
1.346685
1.403298
1.342527
1.398271
1.533819
1.410267
1.504975
1.454584
1.466841
1.411949
1.359515
1.276977
1.445115
1.464510
1.415265
1.314985
1.359624
1.465333
1.368047
1.544880
1.446172
1.478479
1.477980
1.288686
1.377210
1.387356
1.329696
1.376389
1.335466
1.265041
1.487947
1.378681
1.402948
1.327568
1.276731
1.319013
1.395952
1.548090
1.273281
1.307252
1.368549
1.240148
1.456612
1.284259
1.316764
1.372925
1.390869
1.526642
1.292259
1.463889
1.378131
1.327585
1.394619
1.348764
1.464687
1.400150
1.589238
1.370133
1.499528
1.289721
1.443146
1.473708
1.418507
1.597614
1.449059
1.362432
1.290030
1.385963
1.470256
1.512472
1.281248
1.264168
1.361157
1.385840
1.280991
1.410198
1.414908
1.411788
1.608690
1.490801
1.409994
1.326442
1.343546
1.292298
1.505110
1.498021
1.463444
1.386498
1.316633
1.342194
1.449596
1.454006
1.346533
1.336434
1.331951
1.197002
1.655582
1.384163
1.588988
1.536187
1.395705
1.348468
1.205434
1.410585
1.477891
1.428332
1.428604
1.328144
1.520099
1.372442
1.416863
1.547588
1.406976
1.541468
1.388368
1.402690
1.246738
1.408660
1.581958
1.455924
1.234148
1.251625
1.411237
1.450584
1.446657
1.503141
1.435168
1.405833
1.435841
1.276700
1.378844
1.266756
1.476028
1.239417
1.404838
1.422966
1.342769
1.389621
1.462661
1.498964
1.430028
1.411815
1.480347
1.487859
1.529720
1.504868
1.521344
1.376005
1.386467
1.528290
1.458286
1.384904
1.317306
1.357921
1.391341
1.324886
1.432422
1.275961
1.258186
1.603239
1.320754
1.460345
1.283568
1.416440
1.492973
1.402786
1.394732
1.241320
1.237768
1.153503
1.224796
1.395741
1.360700
1.515789
1.427534
1.370027
1.446388
1.402242
1.427336
1.362216
1.464110
1.450798
1.373028
1.317936
1.448408
1.377850
1.399978
1.458476
1.554454
1.582900
1.457443
1.365299
1.452302
1.316859
1.288615
1.352242
1.271342
1.398645
1.409329
1.352030
1.319484
1.139568
1.405069
1.431482
1.324905
1.461228
1.451334
1.443294
1.391819
1.321470
1.411303
1.383310
1.500726
1.371669
1.403266
1.325168
1.353305
1.439814
1.335769
1.329363
1.134799
1.280015
1.238448
1.311548
1.394123
1.502515
1.424428
1.363473
1.244247
1.461817
1.324750
1.208601
1.235103
1.132756
1.306145
1.361169
1.199516
1.399261
1.597710
1.341992
1.454640
1.424373
1.379042
1.401036
1.137078
1.447847
1.425427
1.346612
1.322135
1.177198
1.250401
1.318814
1.483003
1.342112
1.208802
1.366894
1.518940
1.332478
1.335678
1.426359
1.319471
1.321802
1.200850
1.395829
1.213362
1.376936
1.328421
1.378068
1.384446
1.392388
1.277568
1.350115
1.334516
1.393733
1.408676
1.348812
1.354645
1.540926
1.444959
1.449095
1.503289
1.429617
1.279984
1.405136
1.306151
1.246206
1.222575
1.301610
1.346405
1.375985
1.311136
1.193835
1.201686
1.321761
1.213084
1.463597
1.201447
1.249090
1.260839
1.309766
1.456592
1.178977
1.249933
1.454229
1.285084
1.266474
1.258231
1.380549
1.272243
1.188662
1.237721
1.314214
1.319717
1.189942
1.264416
1.483838
1.244454
1.348659
1.561226
1.463653
1.134978
1.365009
1.408624
1.408789
1.223882
1.337612
1.447227
1.503889
1.327170
1.295279
1.123575
1.192921
1.664152
1.471202
1.425229
1.335935
1.376526
1.452512
1.312245
1.458266
1.301518
1.479904
1.396482
1.437214
1.379746
1.472212
1.520110
1.361169
1.250641
1.320964
1.220320
1.322372
1.302600
1.252722
1.394840
1.212978
1.184926
1.237212
1.414443
1.377576
1.487774
1.426293
1.017805
1.233283
1.488584
1.441651
1.399321
1.338899
1.201745
1.356138
1.481859
1.287511
1.267178
1.256642
1.192055
1.354865
1.335235
1.245779
1.533006
1.347060
1.198009
1.263938
1.350508
1.351739
1.251046
1.400115
1.270443
1.277457
1.299323
1.192987
1.387950
1.547534
1.427443
1.378555
1.232549
1.371451
1.422516
1.286260
1.328647
1.223583
1.183706
1.258552
1.298952
1.333496
1.447545
1.329272
1.221770
1.370838
1.267101
1.301066
1.322688
1.119073
1.277573
1.090946
1.359835
1.289634
1.201903
1.328224
1.306837
1.268768
1.167311
1.168033
1.230102
1.127165
1.463588
1.138799
1.354102
1.161613
1.248103
1.409700
1.392174
1.335920
1.354047
1.326635
1.303065
1.265023
1.398545
1.382719
1.314734
1.332520
1.204890
1.293273
1.345875
1.376762
1.278873
1.224763
1.204626
1.340653
1.235424
1.256927
1.376986
1.294375
1.327290
1.153062
1.249201
1.169678
1.297289
1.291680
1.244721
1.151010
1.284068
1.301493
1.186625
1.127284
1.374288
1.394291
1.177850
1.403285
1.248632
1.209102
1.317400
1.254223
1.311083
1.366973
1.283883
1.279378
1.362176
1.294217
1.230022
1.137123
1.129999
1.114887
1.177641
1.342929
1.193147
1.222102
1.159277
1.199497
1.233219
1.375651
1.187114
1.176438
1.336277
1.074337
1.373685
1.419528
1.300259
1.309069
1.484996
1.387074
1.200268
1.359326
1.288646
1.256580
1.289497
1.285038
1.119252
1.446285
1.143217
1.325179
1.254197
1.364919
1.243729
1.211231
1.375031
1.144508
1.409602
1.396202
1.280434
1.240635
1.146553
1.108477
1.330764
1.319066
1.305481
1.277841
1.240350
1.415276
1.341750
1.259643
1.286369
1.353620
1.233682
1.238051
1.254108
1.350872
1.250082
1.252084
1.167798
1.212960
1.367950
1.183701
1.208753
1.398346
1.459228
1.126845
1.279092
1.209838
1.277683
1.389353
1.477686
1.362570
1.221181
1.196740
1.318767
1.349065
1.529343
1.274112
1.335533
1.232856
1.266926
1.298589
1.271502
1.308352
1.372587
1.357840
1.217369
1.194160
1.078925
1.425488
1.148770
1.197592
1.362818
1.488381
1.256667
1.219661
1.172828
1.187348
1.454532
1.205283
1.273498
1.036384
1.310603
1.508587
1.261634
1.330865
1.234894
1.219712
1.191015
1.470589
1.187933
1.263010
1.338601
1.182774
1.229567
1.132514
1.253850
1.091384
1.049876
1.298259
1.226494
1.251897
1.202044
1.276656
1.266575
1.170870
1.156785
1.198278
1.289777
1.216546
1.249885
1.234741
1.115364
1.534339
1.230540
1.146696
1.238516
1.231897
1.433649
1.240248
1.243382
1.268342
1.192902
1.139917
1.405897
1.374159
1.140702
1.220736
1.175344
1.223535
1.341577
1.400942
1.193667
1.152237
1.135618
1.245409
1.295305
1.225097
1.233051
1.405865
1.113893
1.130439
1.302579
0.999503
1.234391
1.054566
1.252652
1.240856
1.160291
1.319738
1.176115
1.233479
1.212834
1.128081
1.210169
1.167606
1.378831
1.136508
1.242290
1.138374
1.406752
1.278989
1.253000
1.266448
1.150148
1.317733
1.166707
1.122353
1.175733
1.192888
1.200189
1.110156
1.204950
1.299147
1.033014
1.145044
1.166933
1.339423
1.275295
1.180825
1.176520
1.333404
1.299348
1.252754
1.317054
1.048322
1.151911
1.338182
1.099838
1.135742
1.223097
1.169747
1.210709
1.207307
1.231815
1.165489
1.405961
1.322908
1.110084
1.212968
1.216596
1.049088
1.254529
1.248222
1.077932
1.268781
1.066304
1.012768
1.385311
1.144213
1.197803
1.361922
1.184348
1.360844
1.119190
1.177263
1.139454
1.241161
1.547523
1.386863
1.132522
1.087508
1.487498
1.296304
1.338222
1.160120
1.307663
1.211408
1.378263
1.451431
1.300350
1.380886
1.257494
1.296242
1.318947
1.389889
1.180948
1.272167
1.128580
1.059551
1.212577
1.351964
1.416864
1.262640
1.322907
1.295531
1.411667
1.278312
1.228504
1.332172
1.300866
1.243980
1.227518
1.194311
1.205620
1.071899
1.101105
1.221561
1.280244
1.265320
1.198609
1.021144
1.189293
1.254151
1.237374
1.003635
1.139235
1.209182
1.135457
1.210614
1.154704
1.173914
1.322612
1.124619
1.251353
1.175985
1.121074
1.363537
1.372645
1.114698
1.233755
1.177863
1.264575
1.330442
1.228083
1.057274
1.386432
1.120501
1.235922
1.345457
1.159903
1.326741
1.223743
1.215771
1.201067
1.389989
1.112559
1.355179
1.109079
1.337239
1.356146
1.235419
1.132875
1.122053
1.337200
1.262340
1.147720
1.128149
1.302074
1.098097
0.998330
1.253852
1.266009
1.140135
1.170850
1.161621
1.337926
1.010352
1.092296
1.238614
1.393208
1.161138
1.134792
1.338128
1.208429
1.304448
1.234946
1.226080
1.299876
1.172671
1.267248
1.185844
1.066183
1.347554
1.123502
1.191204
1.172701
1.254477
1.326725
0.970429
1.153020
1.139618
0.986807
1.218441
1.184821
1.055112
1.163834
1.223748
1.295297
1.005565
1.284229
1.152172
1.111040
1.070068
1.125427
1.078483
1.425096
1.142102
1.213771
1.395630
1.145224
1.172947
1.239374
1.185605
1.123617
1.215022
1.098966
1.154607
0.915894
1.192185
1.330251
1.084315
1.242910
1.185111
0.878598
1.111161
1.176728
1.028514
1.161221
1.214800
1.139845
1.247861
0.970623
1.135972
1.263054
1.135969
1.058311
1.105796
1.206695
1.232490
1.186002
1.152288
1.018415
1.290876
1.159734
1.251157
1.226884
1.071850
1.059034
1.105930
1.186047
1.109407
1.076711
1.172934
1.133049
1.010214
1.130469
1.046294
1.207474
1.226010
1.192003
1.237833
1.049109
1.007728
1.105272
0.973237
1.251958
0.880514
1.082147
1.098040
1.126128
1.344523
1.221736
1.280327
1.105506
1.333374
1.074420
1.111534
1.330396
1.127146
1.238541
1.041774
1.365125
1.168793
1.205901
1.134572
1.112813
1.054763
1.071762
1.095177
1.100297
1.133160
1.268502
0.957618
0.927176
0.978708
1.158113
0.986507
1.252390
1.254554
1.403944
1.301447
1.158789
1.174729
1.339945
1.306540
1.196972
1.106131
1.212642
1.271896
1.299867
1.079735
1.130249
1.129134
1.021390
1.170313
1.165749
1.064752
1.136803
1.107049
1.062556
1.190206
1.088509
1.380487
1.025292
1.114389
1.063284
1.147712
1.081890
1.090567
1.044768
1.241379
1.233029
1.239007
1.020985
1.157996
1.125705
1.276255
1.115043
1.242518
1.270339
1.037019
1.307825
1.318640
1.154487
0.949369
1.191400
1.496836
1.154358
1.310368
1.188559
1.385776
1.213059
1.088963
1.256767
1.049515
1.030056
1.205325
1.154137
1.130752
1.255706
1.208393
1.329269
1.207987
1.280097
1.233019
1.268314
1.065126
1.192971
1.382767
1.271592
1.224476
1.229278
1.250520
1.315095
1.021296
1.157422
1.172866
1.265227
1.001398
1.143434
1.144161
1.179108
1.112833
1.156994
1.075951
1.049613
1.152508
1.119178
1.143668
1.186624
1.106550
1.134660
1.199308
1.247053
1.122822
0.987406
1.116851
1.104259
1.061537
1.191372
1.163278
1.167686
1.082032
0.975478
1.323923
1.282223
1.150611
1.039299
1.053994
1.077631
1.022371
1.177964
1.151777
1.244145
1.324020
1.121894
1.043042
0.988911
1.192632
1.010021
0.967351
1.217709
1.079786
1.190417
1.054798
1.219538
1.055933
1.053421
1.000268
1.193812
1.141582
1.086257
1.118502
0.877762
1.129927
1.105893
1.002041
1.117153
1.299185
1.244149
1.116859
1.177753
1.008796
1.247226
1.155438
1.222217
1.099629
1.184850
1.139952
1.226444
1.112701
1.162584
1.261862
1.167483
1.181440
1.263358
1.107919
1.159799
1.015936
1.085374
1.082741
1.123778
1.175226
1.006618
1.162608
1.173491
1.171845
1.366982
1.131347
1.125230
0.990594
1.330667
1.330896
1.338124
1.259783
1.335486
1.178782
1.000831
1.003250
1.195030
1.117923
1.165952
1.223852
1.089763
1.206564
1.212891
1.159637
1.206360
1.422360
1.195184
1.145629
1.271668
1.007341
1.201144
1.183275
1.325680
1.125142
0.941433
1.058797
1.401689
1.119862
0.933775
1.228607
1.117962
1.007208
1.090224
1.131826
1.017439
1.293164
1.152883
1.029752
1.187476
1.107911
1.185235
1.112889
1.220736
1.233095
1.171626
1.178865
1.057216
1.103682
1.013265
1.001307
1.055110
1.353413
1.276355
1.075214
1.172554
1.101626
1.133315
1.294377
1.254974
1.093182
1.163589
1.073204
1.099618
1.052250
0.965398
1.171930
1.008596
1.064125
1.079979
1.174919
1.158917
1.176230
1.211471
1.254391
1.198642
1.265079
1.278854
1.324471
1.383153
1.070648
0.975692
0.941055
1.160763
1.181181
1.248539
1.200634
1.095964
1.187976
1.251638
1.148401
1.100080
1.117114
1.089761
1.260176
1.116478
1.126849
1.086240
1.054658
0.996318
1.030455
1.025381
1.184894
1.068616
0.997920
1.331642
1.169789
0.846518
1.092120
1.011368
1.076932
1.190853
0.929897
1.168825
1.123562
1.021111
1.254881
1.069612
1.243885
1.167680
0.966522
0.933876
0.988046
1.072281
1.022011
0.960395
1.195035
1.086733
1.300048
1.153050
1.166137
1.127131
1.071079
1.110985
1.072034
1.403080
1.360430
1.142598
0.979744
1.045322
1.095003
1.137249
1.149316
1.089644
0.972723
1.173827
1.118814
1.171747
1.145792
0.922429
1.123957
1.171444
1.172510
1.118944
1.013457
1.041736
1.087308
1.199096
1.110701
1.190802
1.044719
1.257200
1.184442
1.144921
1.098843
1.148048
1.051632
1.162344
1.119907
1.144008
1.142413
1.021583
1.150612
0.997321
1.236392
1.133128
1.171704
1.028725
1.031140
1.149153
0.995318
1.055396
0.966648
1.247951
1.178412
1.036238
1.099281
1.043178
1.187612
1.195751
1.088472
1.076618
1.318650
1.088048
1.136242
1.080762
1.164329
1.104139
1.049619
1.104667
1.335456
1.122773
1.097799
1.171960
1.146942
1.158950
1.163546
0.958838
1.139591
1.061182
0.975082
1.241407
1.019440
0.999638
1.119045
1.069114
1.139421
1.038877
0.949358
1.142363
1.052686
1.320233
1.129393
1.140732
1.041827
0.999992
1.241608
1.172292
1.119732
1.178956
1.173614
1.190478
1.071635
1.055748
1.192244
0.904952
1.118266
1.107671
0.966191
1.033466
1.149145
1.070758
1.132393
1.257424
1.185592
1.115590
1.103819
0.922268
1.125612
1.128378
1.163092
1.096153
1.209230
1.173475
0.834792
1.152169
0.928643
1.081695
1.025988
1.182648
1.141595
1.124433
1.106228
1.118704
1.108837
0.999517
1.200792
1.091220
1.172892
1.109983
1.092001
0.953486
1.056125
0.917741
1.023928
1.081281
1.147157
1.012005
0.915879
1.033037
1.043040
0.997608
1.031543
1.176260
0.953675
0.974491
1.027135
0.997457
1.302948
1.028698
1.016936
1.124158
1.176168
1.133056
1.131939
0.925092
1.062012
1.105186
1.196349
0.939712
1.067763
1.119309
1.059787
1.007307
1.108989
1.084289
1.009943
1.090481
1.090623
1.218877
1.156163
1.203169
0.868197
1.029892
1.000845
1.077216
0.936526
1.033736
0.981997
1.176078
1.170038
1.040180
1.226686
1.319648
0.987684
0.793680
1.121560
1.137072
1.120089
0.973656
1.184173
1.153050
1.041425
1.096934
1.035690
0.930586
0.950704
1.095230
0.969958
0.978333
1.160738
1.159496
0.967813
1.057500
1.238272
1.029817
1.080236
1.009143
1.129111
1.092139
1.238821
1.153715
1.161932
1.170537
1.164717
1.149798
1.018750
1.043626
1.177826
1.039883
1.138592
1.213897
1.210203
1.127844
1.080816
1.175286
1.013264
1.058910
0.887327
1.149410
1.111370
1.000787
1.115990
0.992920
1.063240
1.044233
1.145209
1.187819
1.148124
1.027676
1.193725
1.011144
0.973569
1.092927
1.046574
1.105296
1.069430
1.009431
1.087720
1.364878
1.136808
1.037887
1.118496
0.979261
1.237545
0.956889
1.031600
1.110658
0.987439
1.060968
1.035227
1.167940
1.037050
1.278972
0.982922
1.145578
0.968547
1.018728
1.026650
1.000645
1.176863
0.957400
1.163251
0.921562
1.125751
1.119041
1.207323
1.079526
1.214094
1.110725
1.034678
0.999531
1.003059
1.011700
1.044675
1.072219
1.077969
1.155144
1.191635
1.069158
0.983102
0.881360
1.137721
1.016128
1.068957
1.311872
1.034259
0.908289
1.009234
1.016197
0.995703
1.166381
1.105720
1.076367
1.156679
0.968110
1.035383
1.167546
1.114820
0.830369
0.906018
1.095847
1.063348
1.247218
0.976675
1.138767
1.257460
0.976840
1.198321
1.057334
1.207867
1.054321
0.950132
1.258865
1.018386
1.153499
1.221320
0.969068
1.085143
1.097543
0.998750
0.918176
1.018350
1.219405
0.866845
1.151116
0.906211
1.205648
1.054444
0.947587
1.097320
0.989052
1.095181
0.996813
1.214190
1.165765
0.966770
1.006728
0.988440
0.997985
0.962407
1.086359
0.764456
1.026114
0.998645
0.903375
1.050867
1.098162
1.009137
0.842162
0.917660
0.896520
1.053664
1.172997
0.928570
1.170027
0.971644
1.065416
1.117729
1.099850
1.044207
1.013686
1.230052
1.362720
1.140565
0.885131
1.129786
1.062103
1.271932
1.192609
1.244318
1.306443
1.064470
1.163062
1.028991
1.109291
1.015598
1.168604
1.093136
1.027640
1.152236
1.127485
1.055529
0.969064
1.068299
1.034938
0.964673
1.077917
1.161907
1.199889
1.032251
1.050201
1.075054
0.981228
1.106789
0.880765
0.983963
1.001725
1.127282
1.036301
1.265332
1.155462
1.122366
1.108699
0.979522
1.064872
0.913837
0.935780
0.966444
1.050544
0.798993
1.056571
1.051571
0.889678
1.048784
1.079247
1.063503
1.051052
0.956619
1.026572
0.985096
0.983813
1.182262
0.899467
0.998218
0.909793
1.159558
1.028059
1.029110
0.975521
1.112908
1.071108
1.042100
0.903126
1.047091
0.983422
0.987467
1.031146
1.205607
1.013785
1.284269
1.084719
1.180904
1.004542
1.122937
0.948788
1.099790
1.095298
1.067063
1.073867
1.151638
0.989223
1.237934
1.095257
1.140820
1.038345
1.093134
1.067066
1.333301
1.102829
1.103728
1.201501
0.989326
1.217700
1.068967
0.932887
1.116523
1.137082
0.916756
0.932133
1.048953
0.977939
0.874879
0.987226
1.114439
1.142501
1.041627
1.052720
0.974633
1.236591
1.090041
1.174224
1.377895
1.275992
1.329157
0.999062
1.021276
1.074928
1.128216
1.124047
1.114663
1.081358
1.003758
1.124085
0.979984
1.094051
1.078908
0.972599
1.038532
0.835100
1.089371
1.086746
0.947086
0.777377
1.059074
1.228419
1.025908
1.121293
1.013438
1.061961
1.021092
1.090529
0.930850
0.964884
1.028098
0.900924
0.952048
1.053854
0.945535
0.961874
0.998883
1.161546
0.974148
1.184331
1.249354
0.962521
1.004621
1.152242
0.870099
1.019715
1.009590
0.956385
1.085470
1.043864
0.951235
1.046789
1.021756
1.235049
0.916341
0.961245
0.801148
0.873918
1.074809
1.049622
0.942205
0.966186
0.888129
0.868861
0.956402
1.159217
0.890102
0.961002
1.266791
0.917966
1.064294
1.018246
1.037702
1.187762
0.829156
1.043815
1.034070
1.006484
1.116078
0.832635
1.020594
1.012019
1.195894
0.987518
0.770157
0.894000
1.062035
1.058322
1.101437
1.237559
1.113852
0.962290
1.198615
1.052114
0.955480
1.004257
1.112335
1.238324
1.117645
1.050972
0.950614
1.070723
0.762165
0.993106
1.042933
0.840971
0.875465
0.994781
0.937601
0.907611
0.858855
1.137300
1.020780
1.035886
1.130996
1.148737
1.220623
0.995501
1.054950
1.254697
1.207755
0.942415
0.911965
1.122717
1.035251
1.003075
0.923912
1.024562
1.141239
1.142534
0.899221
0.965321
1.113376
1.056609
0.870832
1.051111
1.158105
0.958641
1.061422
1.122278
0.926081
1.190356
0.994383
0.941331
0.894737
1.013724
1.040810
1.014697
1.086776
1.002935
0.886471
0.932605
1.182351
0.993182
0.954776
0.934821
0.878752
1.091161
0.928012
0.824401
1.041464
0.903237
1.208584
1.002251
0.951338
0.995485
0.860894
1.126669
0.945160
1.067173
1.087478
0.854333
1.103250
1.162615
1.058046
1.050088
0.973506
1.037067
1.086315
1.002780
1.119949
1.103178
1.002714
0.982602
1.078716
1.180265
1.017121
0.992223
0.991684
0.997966
1.111142
1.098151
0.997479
0.914066
1.064524
0.978653
0.941911
1.048363
0.810468
1.143404
1.009366
1.025660
0.901166
1.120997
0.921376
1.089301
1.135859
1.108894
0.877873
0.987832
0.986160
0.921927
0.998652
0.932838
0.921319
0.925719
1.021909
0.976511
0.868900
0.796133
1.137261
0.947740
1.025407
0.945012
1.013643
1.118089
1.012283
0.817661
1.107763
0.960138
0.831633
1.025989
0.978959
0.840858
1.046248
0.931169
1.040499
0.832500
0.927734
0.747266
1.003767
1.042714
0.929816
1.151955
1.142189
0.983384
1.061717
0.875040
0.952500
0.906539
1.024554
1.019425
1.020219
0.902915
1.022278
0.925238
1.146943
1.002551
0.802441
1.093408
1.267893
1.180202
1.114728
1.128670
0.979730
1.084673
1.372851
0.949595
1.046916
1.131629
0.883371
1.218025
1.036765
1.188869
1.225180
1.048382
1.114894
1.153710
1.123411
0.997672
0.918252
1.051153
0.974921
1.144954
1.124943
1.179469
1.194886
1.182507
1.189212
1.038409
1.094507
1.246382
1.148320
0.989205
0.995078
1.009081
0.963490
1.016327
1.111441
1.031280
0.961968
0.997831
0.960391
0.917576
1.080354
0.822894
1.182436
1.107700
1.011408
0.971390
1.084290
1.044075
0.991090
0.903539
1.070127
0.970189
1.069624
0.994724
0.966583
1.201017
1.201380
0.996886
1.014988
1.072866
1.005601
1.111476
1.018058
0.940486
1.117639
1.051930
1.004503
0.971892
1.039141
1.108905
1.061644
1.055812
1.072972
1.196661
0.998660
1.071115
0.897600
0.879335
1.181204
0.990757
0.966826
0.969105
0.943774
1.027195
1.064828
1.001331
1.111351
0.890539
1.063020
1.091284
1.101839
0.997225
1.187570
1.136406
1.023463
1.127001
1.097022
1.220385
1.002369
0.883563
1.244058
1.073553
1.028025
1.093850
1.156029
0.898667
0.994387
1.075123
1.023697
0.941824
1.053599
0.815076
0.918993
1.023210
0.867496
0.995822
0.859004
0.977413
1.226896
1.060720
1.178212
1.067635
1.119840
0.968087
0.915487
1.196639
1.029925
1.097591
1.021229
1.040424
1.068270
1.089225
0.929326
1.036201
1.029145
1.089736
1.047439
1.052349
0.945371
1.011187
1.036566
0.961409
0.934757
1.096837
1.021613
1.053464
1.029072
1.017214
0.881646
0.817212
1.194164
0.877707
1.035617
0.999984
0.782392
1.069744
1.068250
0.918862
0.837796
0.935867
0.885355
0.692214
1.224900
0.830310
1.051616
0.945511
0.950493
1.116609
0.960299
1.252181
0.869219
1.400076
1.186804
1.225050
1.024816
0.932153
1.006285
1.014883
1.172900
0.993745
1.016795
0.956717
0.998646
0.948702
0.981748
1.005001
1.070976
0.996234
1.076530
0.934678
0.899969
0.786415
1.048918
0.959053
1.138002
1.141425
0.805880
1.135403
0.765909
0.975345
0.847895
0.974453
1.073443
0.804820
1.033913
0.993363
1.029072
1.002894
1.067337
0.895519
1.049561
0.998007
0.994455
0.885976
0.864577
1.010650
0.842958
1.270027
1.079483
1.092866
1.118950
0.995930
1.018307
1.212078
1.095435
0.952456
0.962948
0.928183
1.014441
1.109558
0.975897
1.041036
1.302750
0.847347
1.031965
1.134231
1.024781
0.816255
0.973554
0.964187
0.963332
0.792101
1.140470
1.066555
0.955435
1.146381
0.987761
0.860618
1.013286
0.939958
1.022151
0.979493
1.023494
0.895970
0.990315
1.035821
0.940634
1.018621
0.998216
0.877532
1.128055
0.941477
0.951210
0.953775
0.839426
1.013398
1.139939
0.893628
1.037127
1.039753
1.166203
0.951505
1.104191
1.065194
0.884048
1.151832
0.928898
0.903582
1.039763
0.849963
0.936501
0.855269
0.880104
1.063630
0.892179
0.856790
1.006370
1.118856
0.830751
1.097654
1.179484
1.105329
1.039823
0.815057
0.954409
1.072961
1.017338
1.028040
0.916354
0.949552
0.896798
0.980767
0.957731
1.032714
0.900587
0.977070
0.890108
1.038400
1.076050
1.112717
0.951437
0.755374
0.940959
0.856354
0.993923
1.007493
0.910259
0.843131
0.964935
0.918062
0.826652
0.860721
0.776201
0.796072
0.782397
0.948595
1.123472
0.824618
1.078353
0.839437
0.925761
0.893533
1.090796
0.748146
1.087874
0.859411
0.868661
1.225531
0.921072
0.902118
1.036258
1.044744
0.956520
0.912234
0.908572
1.049773
1.000457
1.060033
0.884719
0.928647
1.023351
0.988584
0.938979
1.080429
1.034518
1.118536
1.129293
0.830995
1.189701
1.142578
1.201750
1.047018
0.838247
1.092738
0.831439
1.009836
0.901041
1.108106
1.078592
1.098735
0.841174
1.066441
0.941492
0.875448
1.076419
1.053055
0.930039
0.914839
0.964473
0.763735
1.178183
1.199947
0.957399
0.903862
1.018253
0.982579
1.172677
0.973559
1.011532
1.171932
0.841007
1.105868
1.044079
0.953380
1.060709
0.959089
1.008298
0.965946
1.079013
0.784043
1.038372
0.798893
0.960519
1.357628
1.002216
1.024952
0.919669
0.978945
0.885219
1.056760
1.068031
1.217955
0.990452
0.928231
0.922956
1.030687
1.088218
1.054624
0.822005
1.091621
1.032196
0.926951
0.969388
0.980253
0.915874
0.868595
0.960790
0.985782
1.098087
0.835945
0.945003
0.863806
1.065333
0.788961
0.968330
0.820354
1.039878
0.990463
0.890422
0.907641
1.189809
0.898132
1.074937
1.204376
1.035962
0.827523
0.822399
1.105629
0.975836
0.914116
1.015408
1.255946
0.978630
0.962792
0.907414
1.002448
0.804143
1.044195
0.974078
1.096117
1.128389
0.904180
1.020078
1.005524
0.885619
1.074948
0.899849
0.932025
0.847183
1.001589
1.223156
1.049339
1.048854
0.887393
0.896827
1.031155
1.147719
0.979604
1.035908
0.879008
0.923309
1.020906
0.995672
1.103920
1.035310
0.980719
0.971070
1.090469
0.936728
0.953048
0.965872
1.009615
0.880551
1.159793
0.936689
0.947161
0.984011
1.064960
0.743436
0.985512
1.223875
0.970201
0.959161
0.870071
1.028645
0.910798
0.913920
0.913882
0.908708
0.976456
1.213008
0.966825
0.929415
1.079825
1.056626
1.037262
1.208950
0.866120
1.084324
1.034347
1.203389
1.051627
0.988198
0.864234
0.950387
0.820504
1.061627
1.037323
1.072386
1.089273
1.221903
0.992429
0.996769
0.820087
0.807251
1.009301
1.020712
0.922870
1.071918
0.991321
1.006829
1.112863
1.049475
0.920909
0.974979
0.888981
0.946770
0.994680
0.928257
0.962623
0.900606
1.005429
0.981494
1.050176
0.970270
0.986592
0.967488
1.092553
0.864797
0.907326
0.866545
0.975648
1.018897
1.229441
0.982598
0.912031
1.042742
1.054920
0.899045
0.803692
1.015712
0.898133
0.873043
1.118259
0.945766
0.793524
0.843300
0.806714
0.941803
0.921274
0.880693
1.143740
1.139135
0.958567
1.178232
0.883310
1.062873
0.953679
0.901031
0.924888
1.030057
0.832363
1.133334
0.976453
0.870035
0.916284
1.078700
0.843993
0.947799
0.981037
1.213531
0.970054
0.932406
0.828952
0.872911
0.947742
0.780375
1.047596
0.950257
0.801677
0.837106
0.886362
0.686594
0.964213
1.158651
1.097074
0.956876
0.745140
0.899846
0.969016
0.943226
0.814028
0.866193
0.954674
1.120889
0.951976
1.059781
1.173223
0.955507
0.963090
0.941155
1.140928
0.953604
0.912825
0.825859
0.970361
0.868301
0.974087
1.037125
1.049200
0.924391
0.817628
0.958623
0.938167
0.991496
1.061317
0.827311
0.966832
0.840490
0.861814
1.030092
0.754094
0.970613
0.808587
0.873545
1.057723
1.006227
0.883745
0.773535
0.894784
1.005591
0.989959
0.912473
0.941559
1.031725
1.128894
0.901399
0.826697
0.874782
0.988371
1.037868
0.953342
0.960743
1.140937
1.012027
1.022344
0.937013
0.883975
1.028628
1.022719
0.909489
1.049785
0.929134
0.840069
0.871346
0.826941
0.892034
1.101327
0.868317
0.794274
1.082281
0.829309
0.937895
0.837034
0.825252
0.920232
0.861834
0.905501
1.010460
0.897275
0.865073
0.825178
0.975843
0.912333
0.883220
0.905273
0.943323
0.802239
0.980356
0.956713
1.020794
1.003163
0.736221
0.786292
0.931960
0.890916
1.052292
1.027104
0.871256
0.920172
1.103709
0.954636
0.985888
0.944748
0.797360
0.924890
0.966301
0.878354
0.821403
1.026741
1.036642
0.966209
1.132092
1.065929
0.691969
0.909315
1.016321
1.014438
0.853893
0.845422
0.883266
1.036973
0.951230
0.970345
0.955618
0.913111
0.894520
0.972958
0.965861
0.929641
1.105291
0.960045
0.888721
0.870335
0.755997
0.957764
0.962916
0.733865
0.913557
0.746433
0.984615
1.038667
1.104932
1.100221
0.986058
0.960375
0.988433
1.055003
1.018799
0.816527
1.132634
0.926214
0.904976
1.379588
1.000550
1.040421
0.868615
0.878807
1.019160
0.968079
0.972514
1.043610
1.042753
0.870842
1.077596
0.779472
1.025988
0.915851
0.782977
0.884105
0.912893
0.769584
1.002773
0.806331
0.914279
0.888244
0.907472
0.905643
1.121304
0.882278
0.996417
0.871892
0.828281
0.994545
0.997498
0.856466
0.830485
1.060990
0.926458
1.099134
1.089564
0.805672
0.982012
0.819453
0.911021
0.896158
0.826834
1.064859
0.968052
0.872067
0.847917
0.852809
0.827494
0.938596
0.874694
1.006750
1.096007
0.946922
0.973985
0.793579
0.813941
0.740472
0.962968
0.869229
0.908561
0.984708
1.070086
0.941866
1.069653
0.953249
0.964064
0.910920
0.925705
0.939872
0.883085
0.948509
0.851524
1.074344
0.832632
1.044402
0.932635
0.703213
0.920470
0.819102
0.797379
0.937467
0.765152
1.082627
1.012510
0.982192
1.020728
0.756297
1.148019
0.831658
0.857969
0.847545
0.871198
0.907787
0.789929
1.008917
0.928708
0.964780
1.082628
1.061315
0.903970
1.054591
1.031948
0.938896
1.060947
1.029563
0.886032
0.973919
0.956555
0.835402
0.888264
0.816028
1.067133
0.832806
0.961705
0.953363
1.000537
0.981470
1.142130
0.961670
0.910488
0.910342
0.883082
0.911693
0.951081
1.033254
0.931880
0.864604
0.922502
0.820704
0.871656
1.181571
0.794420
0.757390
0.955770
0.927108
0.893597
1.087964
1.089014
0.819000
0.969977
0.878771
0.904379
0.952029
1.003170
0.870819
1.073146
0.961813
0.913202
0.867432
0.889200
0.861414
0.858788
1.012418
1.022305
1.024731
0.866216
0.970763
0.953519
1.065650
0.981063
0.915432
1.091153
1.034718
0.911049
1.028811
1.049839
1.042844
0.964166
0.927108
0.984538
0.774812
0.924810
1.062367
1.072348
0.877725
1.019430
1.089682
1.021372
0.978678
1.013226
0.951364
0.832738
1.020555
0.891843
0.657537
0.951412
0.909314
0.796613
0.877381
0.904995
0.907746
0.915974
0.829506
0.974114
0.882587
0.880323
1.071984
0.745250
0.860246
0.913277
0.885789
0.749416
1.004519
0.897993
0.929324
0.882406
0.787251
0.833316
1.095194
0.871805
0.793641
0.892341
0.881160
1.143000
1.041992
0.903865
0.902183
0.889298
0.956908
0.916071
0.908419
0.776732
1.009872
0.761595
0.911900
0.793985
0.871850
0.969949
0.801302
0.839789
0.989933
0.881195
1.078038
0.976967
0.853540
0.913877
0.993005
0.764930
1.057771
0.896783
0.889445
0.868214
0.783529
0.764122
1.087319
0.812417
1.217891
0.941546
0.909126
0.994689
0.895857
1.085424
0.982048
1.083953
0.863404
1.005696
1.034181
1.035663
0.974728
0.835804
1.082827
1.030660
1.048708
0.920017
1.007531
1.159846
0.949086
0.819870
0.935240
0.872575
0.978001
0.959431
0.901245
1.088639
0.906197
1.010370
0.807238
1.204729
0.872023
0.858816
0.826628
0.891906
0.782585
0.860796
0.800501
0.906515
0.971954
1.096446
0.763784
1.099911
0.772839
1.235067
1.010021
0.851073
1.072586
0.801972
1.041608
1.022586
1.123024
0.881825
0.984193
0.937579
1.009504
0.875195
0.874349
0.926076
0.840781
0.911199
1.056239
0.724280
0.876862
0.895371
0.931303
0.852846
0.899900
0.990075
0.836499
0.874878
0.885210
0.792678
0.924237
0.866896
0.845202
0.913887
0.884636
0.943571
0.939870
0.959986
0.834315
0.915442
0.936361
1.009385
0.930420
1.030534
0.942390
0.845268
0.962412
1.091374
0.770716
1.007464
0.938139
1.001880
1.089584
0.923524
0.907516
1.141705
0.813094
0.838014
1.064798
0.798369
0.844521
0.793257
0.861230
0.879325
0.770500
0.931423
0.805273
0.753471
0.967754
0.829067
0.776833
0.936236
0.966370
0.981027
0.860250
1.073643
1.214812
0.870346
1.000882
0.842175
0.851872
1.077236
0.924397
0.948081
0.965569
1.049410
0.752934
0.904439
0.848240
0.807786
0.751348
1.122715
1.002132
0.778233
0.977590
1.018553
0.902091
0.905284
0.999708
0.679745
0.742182
0.999396
0.933970
0.893279
0.840611
0.867683
1.061265
0.825522
0.917811
1.037781
1.032117
0.914126
0.827459
0.939565
0.895316
0.825209
0.929398
0.868500
0.933331
1.056119
0.969709
0.868988
0.902361
0.830707
0.922615
0.928980
1.047291
0.881186
0.912866
0.799425
1.037198
0.867850
0.962832
1.147083
0.871484
1.079883
1.091120
0.928714
0.852401
0.827660
1.042219
0.922973
1.064544
0.802543
0.849159
1.038073
0.793316
0.867347
0.911743
0.968238
0.824621
1.252031
0.860696
0.927755
1.024793
1.046519
0.896649
0.950276
0.712790
1.045760
0.942418
0.941960
0.793108
0.860505
0.773254
0.878288
0.901996
1.054087
0.840696
1.021645
0.788588
0.988767
0.898649
0.804953
0.888230
1.030719
0.934108
0.798760
0.971337
0.818279
0.882294
0.861228
1.003559
0.873174
0.844616
0.991853
0.814405
1.079201
0.888089
0.993252
1.036109
0.857334
0.953448
0.764720
1.061053
0.913172
0.887499
0.811611
0.940778
1.052336
0.846680
0.939594
1.004683
0.857218
0.932630
0.951479
1.170380
1.090455
0.755750
0.817400
0.920879
1.001127
1.148128
0.986520
0.902217
0.891229
0.905030
0.960180
0.885703
0.840025
0.865613
0.905059
0.865458
0.958611
0.802356
0.902287
1.013000
0.957313
0.779226
0.820061
0.930257
1.068339
0.891917
0.923149
0.822831
1.072915
0.764012
0.803144
0.897446
0.895001
0.880473
1.024105
0.872144
0.951491
0.904678
1.134300
0.857406
0.822399
0.885437
0.955073
1.038199
0.912755
0.889019
1.012687
0.703892
1.028648
0.880802
0.852303
0.739460
0.901369
0.767322
0.900252
0.797014
0.867224
0.904038
0.767228
1.011579
1.052777
0.794870
0.703543
1.074528
0.780697
0.885496
1.012255
1.038710
0.952307
0.799763
0.933611
1.012777
1.117253
0.960703
0.842343
0.834044
0.951338
0.914376
1.016302
0.892557
1.059165
1.116388
0.859665
0.825520
0.848764
0.805554
0.981461
0.789089
0.871878
0.805886
0.979286
1.137215
0.911109
0.897162
0.875942
0.812217
0.882042
0.808672
1.085374
0.783815
0.773525
0.921753
0.922342
1.053094
0.818392
0.900633
0.915870
1.177265
0.736929
0.877683
1.011439
0.982960
1.048366
0.760742
0.699363
0.897524
0.945260
1.083019
0.900499
0.877016
0.964780
0.836087
0.910862
0.998776
0.860059
0.850267
0.877824
0.932052
1.063768
0.970838
0.817562
1.056988
1.017266
1.005607
1.037172
0.966305
0.931517
1.025062
0.789608
0.854358
0.923516
0.718981
0.935722
0.791646
0.839869
0.767895
0.874400
0.835188
0.991838
0.789192
0.994678
0.821619
1.103995
0.954718
1.137411
0.826574
0.991744
0.931177
0.809203
0.893251
0.982677
1.052032
0.759758
0.874682
0.936894
1.004722
0.970378
0.908349
0.961168
0.785342
0.752970
0.797856
0.736095
0.861928
0.926275
0.807860
0.944319
0.831001
0.970908
1.012283
0.725080
0.869780
0.903743
0.961491
0.840501
0.849535
1.037447
0.796338
0.767394
0.943123
1.025725
0.977272
0.850084
0.876611
0.808691
0.854800
0.853359
0.911098
1.141748
0.816953
0.888126
1.036374
0.934590
1.033822
0.893285
0.870454
0.738288
0.775301
0.943970
0.876917
0.940768
0.972611
0.863078
0.858557
0.918392
0.983844
0.774876
0.952591
0.854520
0.937083
1.084503
0.957377
0.996711
0.901780
0.851035
1.086293
0.780466
0.900780
0.870105
0.953384
1.064617
0.863125
0.983855
0.764732
1.002222
0.953235
0.929828
1.046097
0.936410
0.818755
1.079177
0.855107
0.777255
0.884117
0.885888
0.874118
0.918138
0.716677
0.807410
0.795534
0.903967
0.872511
0.727803
0.738702
0.747667
1.131777
1.117318
0.787880
0.920502
0.976718
0.976220
0.863814
0.835386
0.955921
0.910132
0.704610
1.005372
0.898232
0.910221
0.829195
0.887636
0.854958
0.884317
0.818376
0.862522
1.052928
0.888648
0.869898
0.914777
0.814562
0.951637
0.851502
0.864222
1.009220
0.827066
0.874421
0.793392
0.848458
0.833058
0.814432
0.712910
0.895129
0.884610
0.891953
0.819742
0.817446
0.857746
0.981196
1.071616
0.919878
0.928683
0.889829
1.048625
1.051884
0.841435
1.135748
1.025654
0.711733
0.839312
0.873986
0.940425
0.908681
0.995701
0.939364
0.978843
0.914511
0.998863
0.890037
1.066564
0.790145
1.005237
0.794063
0.989253
0.856066
0.877904
0.855520
0.968088
0.663049
0.805346
0.847730
0.912471
0.702670
0.876033
1.028321
0.902992
0.804880
0.835517
0.844019
0.875075
0.997339
0.779625
0.973514
0.876082
0.830500
0.742039
0.892567
0.980834
0.830951
0.769048
0.872008
0.783279
0.767486
0.953687
0.947636
0.913792
0.743539
0.888815
0.848752
0.990993
0.830346
0.789938
0.771062
1.150720
1.071426
1.140665
0.973777
0.672629
1.122205
0.816413
0.873649
0.853023
0.720155
0.874212
0.931732
0.896866
0.649730
0.884118
0.774755
1.051514
0.938777
0.888417
0.960586
0.833985
0.857992
0.977733
0.769756
0.745432
0.867608
0.707473
0.935206
0.733720
0.882162
0.878954
0.831630
0.825292
0.913065
0.887911
0.877355
0.891764
0.784307
0.864657
1.060955
0.875567
1.013125
0.863383
0.828559
0.805607
0.776998
0.832595
0.899281
0.888826
0.683721
0.973985
0.867518
0.861922
0.938228
0.748141
1.021312
0.904733
0.773324
0.864398
0.834044
0.791883
0.972465
0.952611
0.759073
0.814099
0.940669
0.746663
1.117092
0.919122
0.934092
0.792787
0.961338
0.880691
0.792187
0.818669
0.798411
0.760480
0.852754
0.905197
0.653886
1.058979
1.144979
0.873364
0.841346
0.763125
1.024014
0.799485
0.883473
0.708465
0.939537
0.903804
0.832142
0.903885
0.853690
0.984210
0.886533
0.970980
0.854275
0.938320
0.842535
0.979672
0.861647
0.921103
1.019096
0.931070
0.857904
0.868717
1.195112
1.039988
0.845092
0.816928
1.035062
0.942768
0.910187
0.773599
0.825234
0.724675
0.771265
0.862846
0.798030
0.942777
1.036181
0.838981
0.825500
0.740849
0.724446
0.840398
0.777219
0.703981
1.107560
0.684938
0.737161
1.068815
0.752702
0.750013
0.897076
0.888020
0.775011
0.900827
0.911987
0.943388
0.879014
0.821525
0.839076
1.068904
0.863711
0.927338
0.814611
0.937703
0.903251
0.940624
0.926203
0.825374
1.005825
0.874590
0.920399
0.929620
0.946086
0.843142
0.987498
0.871603
0.848767
0.769769
0.764040
1.048256
0.849277
1.041987
0.768213
0.684724
0.818260
0.967116
0.765461
0.852846
0.858531
0.685423
0.944844
0.826733
0.929309
0.956832
0.935943
0.686315
0.841693
0.710655
1.003949
0.970009
0.765184
0.953427
0.880620
0.993030
0.759281
0.813011
1.046317
0.761347
0.986135
0.926888
0.860484
0.787123
0.768252
0.789771
1.046739
0.889554
0.735195
0.908602
0.858751
0.871933
0.780882
0.894109
0.975444
0.897860
0.667405
0.849171
0.811554
0.966730
0.940676
0.927091
0.927144
0.809490
0.856921
0.950979
0.936175
0.841911
0.896324
1.009260
0.673101
0.688690
0.891719
0.874474
0.914655
0.977480
0.873282
0.814127
0.684258
0.713010
0.757703
0.909698
0.928549
0.871048
0.994354
0.886008
0.777614
0.885001
0.812257
0.762136
0.841589
0.682028
0.912161
0.841838
0.770167
1.031931
0.711649
1.030484
0.904309
0.873091
0.782402
0.917800
0.776781
0.924108
1.026384
0.903079
0.969416
0.822100
0.892049
1.004778
0.907374
0.945614
0.820199
0.898288
0.903272
0.870989
1.017454
0.939748
0.891229
0.736218
0.822731
0.904573
0.827163
0.875198
0.835859
0.695022
0.923273
0.974791
0.884314
0.686404
0.897534
0.919700
0.930960
0.907034
0.926032
0.771486
1.105506
0.952621
0.959611
0.710558
0.777205
0.803399
0.839145
0.761229
0.885655
0.936802
0.918937
0.994356
0.725090
0.820965
0.978679
0.877843
0.894071
1.000300
0.941651
0.750161
0.878187
0.739818
0.815900
0.967542
0.804999
0.896439
0.774118
0.743838
0.894869
0.815619
0.854672
0.774713
0.830570
0.892439
0.788836
0.691961
0.741380
0.815589
1.059401
0.755830
0.800612
0.818772
0.783555
1.043983
0.903200
0.891618
0.774379
0.824956
0.902468
0.706833
0.715680
0.921667
0.734130
0.891096
0.699271
0.921918
1.023282
0.759154
0.837228
1.087691
0.729270
0.754565
0.954192
0.711443
0.998625
1.019642
1.051229
0.832642
0.923180
0.758946
0.878416
0.809915
1.002683
0.911336
0.991608
0.862719
0.834579
0.956670
0.780582
0.790270
0.801176
0.841927
0.925666
0.851286
0.834765
0.787569
0.974134
0.623971
0.806159
0.735536
0.819063
0.858703
0.995377
0.828102
0.771253
1.011435
1.210057
0.776215
0.901204
0.861650
0.796041
0.913411
0.952924
0.901721
0.789605
1.004451
0.767392
0.881250
0.977586
1.002106
0.859532
1.015485
0.921062
0.835965
0.899707
0.829684
0.724690
0.804883
0.873805
0.717571
1.038928
0.930744
0.701626
0.950144
0.902086
0.819251
0.883898
0.857010
0.746318
0.817639
1.018648
0.859127
0.859267
0.823400
0.933524
1.050948
0.804753
0.814160
0.850089
0.865349
0.777262
0.923830
0.887554
0.861153
0.948691
0.947780
0.848441
0.786250
0.721918
0.924267
0.782811
0.852456
0.808719
0.786681
0.777869
0.853742
0.901285
0.846518
0.886449
0.709364
0.959424
0.944878
0.655295
0.791268
1.009197
0.881279
0.760264
1.016940
0.726983
0.904459
0.869275
0.766970
0.793862
0.869682
0.935956
0.773852
0.842588
0.828073
0.835660
0.784450
0.846511
1.021160
0.772291
0.991296
0.938420
0.725595
0.951040
0.806068
0.993317
0.958183
1.064201
0.997402
0.806304
0.839390
0.825746
0.745166
0.875312
1.018047
0.894414
0.770148
0.783223
0.826360
1.174889
0.860831
0.925447
0.867512
0.836116
0.880216
0.781819
0.895305
0.947209
1.013234
1.073219
0.601349
0.861670
0.636551
0.866041
0.964104
0.944987
0.829580
0.747771
0.656426
0.796423
0.813008
0.959397
0.798115
0.878585
0.866674
0.953008
0.834026
0.904254
0.837222
0.645867
0.773471
0.774649
0.880692
0.890166
0.633988
0.814424
0.808558
0.991540
0.909964
0.957885
0.853465
0.837221
0.678650
0.675174
0.858796
0.788598
0.857521
0.877267
0.803482
0.870202
0.942737
0.849995
0.828013
0.803049
0.935889
0.868519
0.813715
0.889433
0.782385
0.885575
0.774218
0.970561
0.726572
0.752949
0.965436
0.762641
0.882011
0.989250
0.905746
0.820525
0.895715
0.958898
0.821202
1.095194
0.780126
0.785135
0.730477
0.847619
0.892359
0.937800
0.816684
0.897577
0.775632
0.795473
0.683556
0.758849
0.833217
0.794107
0.893474
0.833585
0.826130
0.723643
0.853974
0.946121
0.792946
0.722529
0.997435
0.792235
0.745866
0.838659
0.744335
0.739542
0.862513
0.962602
1.041667
0.772747
0.786579
0.841357
0.887538
0.987846
0.809292
0.817404
0.794019
0.908476
0.763769
0.942904
0.878176
0.973729
0.926800
0.870952
0.802540
0.729343
0.728370
0.924696
0.896580
0.783818
0.958225
0.873722
0.706310
0.892388
0.798623
0.854514
0.727818
0.790762
0.931807
0.859302
0.884150
0.874682
0.951528
0.871476
0.820444
0.785902
0.780290
0.675624
0.704237
1.036166
0.777867
0.997610
0.938227
0.836225
0.775578
0.865067
0.912251
0.769492
0.980566
0.843178
0.878382
0.844828
0.793975
0.738133
0.934925
0.696069
0.795435
0.735361
0.923582
0.670902
0.829734
0.811925
0.777542
0.860350
1.005108
0.752449
1.048646
0.773834
0.712558
0.800615
0.779834
0.929721
0.842418
0.863202
0.840788
0.925583
0.687944
0.878441
0.954386
0.823443
0.900252
0.991075
0.858081
0.783240
0.859153
0.796445
0.809950
0.754749
0.827304
0.945576
0.707691
0.795556
0.778359
0.908724
0.795464
0.866642
0.954402
0.847350
0.754199
0.678567
0.832458
0.890349
0.699603
0.657944
0.640302
0.885538
0.979308
0.700905
0.831388
0.710979
0.847448
0.955517
0.938475
0.901565
0.770813
0.811245
0.844813
0.744572
0.787196
0.922190
0.813878
0.764812
0.962807
0.865735
0.845622
0.968761
0.730787
0.876235
0.827518
0.868301
0.906054
0.838916
0.791363
0.860033
0.838755
0.825964
0.783890
0.781093
0.708525
0.683545
0.793033
0.634872
0.834363
0.673962
0.783842
0.907632
0.712568
0.866329
0.697343
0.765661
0.770533
1.034377
0.754923
0.996958
0.803815
0.738455
1.007871
0.760110
0.974656
0.726366
0.793860
0.780955
0.727755
0.649196
0.833890
0.723929
0.791251
0.662799
0.718232
0.881306
0.824407
0.739349
0.708387
0.974579
0.636064
0.867368
0.816502
0.763226
0.897570
0.770193
0.967845
0.882239
0.713002
0.895818
0.961792
0.675111
0.691346
0.860439
0.700770
0.770883
0.825509
0.833050
0.859889
0.927189
0.983567
0.780597
0.631889
0.800005
0.818312
1.085157
0.932114
0.691444
0.834836
0.852586
0.969610
0.953911
0.847210
0.662838
0.704195
1.004827
0.862577
0.748508
0.924097
0.881726
0.947088
0.861417
0.941068
0.781475
0.642535
0.772047
0.808465
0.962943
0.828097
0.791504
0.811914
0.911566
0.927845
0.811023
0.828105
0.858638
0.809208
0.789515
0.841104
0.997551
0.781011
0.915227
0.820390
0.843412
0.913851
0.590241
0.814340
0.850948
0.889290
0.839812
0.982185
0.981208
1.056307
0.855982
0.776018
0.735988
0.891763
0.730786
0.798898
0.807184
0.746738
0.764324
0.868802
0.905298
1.029294
0.796105
0.956911
0.710663
0.791246
0.822953
0.668412
0.732437
0.687922
0.839838
0.943648
0.779251
0.955567
0.649661
0.937084
0.749139
0.822396
1.045695
0.798648
0.773608
0.916460
0.767584
0.783247
0.957529
0.898576
0.687502
0.884085
0.859440
0.903004
0.761840
0.819140
0.828148
0.740043
0.851645
0.890533
0.879699
0.895947
0.794307
0.808450
0.717459
0.742106
0.920687
0.756021
0.877349
0.864933
0.829488
0.820929
0.914727
0.763881
0.732907
0.833143
1.029665
0.956253
0.749565
0.911110
0.804335
0.748008
0.717650
0.744056
0.871330
0.805681
0.976537
0.780609
0.944385
0.844043
0.794113
0.888755
0.702063
0.965174
0.937734
0.815701
0.782879
0.776192
0.745305
0.732830
0.682753
0.930403
0.823879
0.794580
0.716387
0.942469
0.970568
0.862029
0.712848
0.792682
0.862331
0.794779
0.882841
0.806104
0.890917
0.869848
0.661766
0.779636
0.790564
0.707616
0.883056
0.872862
0.941605
0.952576
0.827992
0.832555
0.755975
0.819329
0.908746
0.840313
0.876366
0.850980
0.833442
0.920092
0.940241
0.819215
0.876425
0.592027
0.836064
0.761936
0.948784
0.885836
1.030506
0.886200
0.987102
0.688929
0.899087
0.768743
0.598317
0.854079
0.835414
0.780948
0.825809
0.818376
0.960871
0.888483
0.861972
0.825332
0.829011
0.662161
0.749862
0.641331
0.799658
0.617064
0.965944
0.865460
0.914930
0.775510
0.816332
0.850399
0.701066
0.725941
0.815179
0.897592
0.792131
0.772722
0.697215
0.864086
0.797821
0.677504
0.882413
0.903507
1.012995
0.825460
0.599898
0.729773
0.865399
0.764025
0.881191
0.808962
0.737631
0.823161
1.077624
0.938941
0.794523
0.821577
0.910927
0.850494
0.860598
0.746673
0.716825
0.939888
0.798966
0.802305
0.792902
0.664374
0.864377
0.703302
0.767710
0.902231
0.816647
0.979643
0.756844
0.875657
0.777245
0.721999
0.713276
0.888156
0.683826
0.875811
0.936357
0.824878
0.818092
0.789783
0.777743
0.856985
0.719212
0.759281
0.914858
0.608961
0.903368
0.812458
1.019260
0.854457
0.831181
0.714899
0.797047
0.842753
0.808133
0.796175
0.726639
0.918017
0.814089
0.839100
0.778820
0.886168
0.789209
0.911759
0.774868
1.051091
0.883421
0.929738
0.851411
0.784492
0.935363
0.848033
0.923254
1.036649
0.969077
0.749308
0.779880
0.896853
0.843571
0.721049
0.825814
0.702210
0.629137
0.936759
0.882325
0.834353
0.999486
0.746253
0.678642
0.994779
0.839119
0.692056
0.694751
0.836252
0.862765
0.671107
0.770359
0.999635
0.791141
0.732250
0.699646
0.799664
0.851274
0.671162
0.868679
0.885263
0.689963
0.762020
0.756953
0.992639
0.667657
0.714433
0.745981
0.816250
0.717199
0.919149
1.018530
0.773210
0.738112
0.743444
0.866914
0.888565
0.690103
0.721201
0.618777
0.881236
0.702738
0.656352
0.753830
0.902097
0.866846
0.614923
0.736513
0.640563
0.734700
0.976680
0.821131
0.846844
0.939115
0.657106
0.753397
0.895518
0.791089
0.766932
0.837148
0.816294
0.855206
0.589922
0.831995
0.910210
0.789302
0.707235
0.684859
0.838557
0.895160
0.797875
0.819076
0.674383
0.726851
0.973149
1.074321
0.843340
0.693274
0.690293
0.828383
0.820977
0.736832
0.823414
0.783741
0.804753
0.880021
0.681692
0.748981
0.827880
0.766657
0.847230
1.028126
0.771641
0.784633
0.779808
0.904921
0.730967
0.714000
0.812822
0.813968
0.652040
0.758594
0.978896
0.852273
0.914215
0.869635
0.904101
0.946759
0.710555
0.997358
0.647032
0.909003
0.971330
0.768236
0.663506
0.922281
0.875048
0.925359
0.783254
0.657362
0.760590
1.087735
0.793463
0.736127
0.988846
0.830929
0.833200
0.886429
1.002603
0.849756
0.738932
0.833842
0.966562
0.856018
0.899701
0.603979
0.765199
0.808757
0.718489
0.913756
0.744884
0.947583
0.906143
0.756292
0.678732
0.790582
0.708345
0.829982
0.829545
0.769328
0.814566
0.679933
0.666219
1.024991
0.901094
0.784390
0.717471
0.913210
0.922214
0.762380
0.968378
0.840556
0.814711
0.850501
0.851121
0.960391
0.673798
0.924281
0.726062
0.876095
0.888120
0.658549
0.892444
0.677340
0.811388
0.752087
0.862708
0.783732
0.773819
0.808287
0.804215
0.758398
0.820419
0.843999
0.830467
0.718835
0.856532
0.799016
0.790413
0.841890
0.831077
0.743839
0.608120
0.835190
0.867163
0.906510
0.841132
0.832246
0.704505
0.848854
0.955549
0.952762
0.805793
0.830235
0.745502
0.712531
1.190216
0.876109
0.892564
0.780965
0.691047
0.763812
0.849376
0.722440
0.811096
0.970498
0.724726
0.650716
0.746793
0.736110
0.923631
0.883315
0.863290
0.701378
0.782912
0.868902
0.742371
0.644089
0.622395
0.687398
0.806458
0.841406
0.803140
0.955048
0.720574
0.836402
0.777747
0.978611
0.786911
0.697875
0.712299
0.775614
0.727920
0.895733
0.688394
0.753651
0.887889
0.693098
0.865508
0.770165
0.620268
0.745942
0.866340
0.875307
1.038884
0.858865
0.931838
0.939917
0.691010
0.818659
0.609505
0.789812
0.645856
0.889107
0.900990
0.777781
0.697645
0.854116
0.854634
0.823374
0.811484
0.802261
0.708722
0.825390
0.827813
0.784862
0.825975
0.729697
1.055963
0.787056
0.673786
0.772635
0.726939
0.776569
0.744355
0.769741
0.916370
0.552371
0.643183
0.845769
0.732544
0.655189
0.791253
0.778148
0.777210
0.693546
0.753681
0.829185
0.898108
0.756857
0.747425
0.695899
0.672135
0.888730
0.764219
0.623805
0.792243
0.810222
0.698227
0.728556
0.747716
0.875711
0.725264
0.770080
0.788247
0.735381
0.747245
0.826349
0.592735
0.730679
0.813540
0.840241
0.787251
0.795912
0.934566
0.820745
0.915671
0.887907
0.697078
0.832247
0.933016
0.977139
0.605747
1.017352
0.833964
0.714234
0.887262
0.935444
0.872792
0.788785
0.868822
0.863121
0.860367
0.788663
0.908160
0.857846
0.781149
0.907087
0.822029
0.563668
0.899328
0.840417
0.770871
0.874812
0.809522
0.728399
0.886846
0.749002
0.784063
0.694040
0.743217
0.739950
0.663723
0.681895
0.931165
0.850638
0.956363
0.882164
0.735232
0.749104
0.840160
0.776631
0.848316
0.859118
0.715118
0.728229
0.772031
0.862776
0.764044
0.902986
0.801756
0.779087
0.817673
0.908205
0.798757
0.806309
0.909678
0.824022
0.695991
0.786257
0.895025
0.996099
0.852670
0.698523
0.887703
0.705518
0.850738
0.799778
0.707383
0.847399
0.724539
0.706867
0.718904
0.721224
0.837401
0.792068
0.608303
0.765690
0.861830
0.824706
0.896730
0.740087
0.780196
0.917031
0.831901
0.597188
0.681720
0.713235
0.894485
0.939246
0.896166
0.596671
0.832913
0.728954
0.810845
0.847119
0.856505
0.723475
0.739958
1.027985
0.954320
0.907481
0.897850
0.759640
0.743789
0.909202
0.739164
0.769657
0.790076
0.674183
0.823216
0.901790
0.946467
0.778851
0.770680
0.827484
0.816186
0.939640
0.756137
0.670142
0.861943
1.101433
0.667932
0.575127
0.804778
0.815526
0.956558
0.653224
0.788717
0.723672
0.595215
0.742746
0.791862
0.927472
0.768112
0.944362
0.825179
0.816355
0.860022
0.707386
0.680272
0.640639
0.855645
0.819954
0.731792
0.769171
0.831318
0.813038
0.557898
0.845367
0.684716
0.648555
0.633641
0.761939
0.826850
0.661212
1.091440
0.935129
0.800658
0.812856
0.862597
0.659015
0.902124
0.960555
0.777470
0.818326
0.828756
0.831404
0.957952
0.966168
0.740940
0.845158
0.721520
0.646805
0.758794
0.798173
0.781590
0.735708
0.811235
0.816351
0.843733
0.853828
0.860092
0.710274
0.749401
0.903412
0.845032
0.859931
1.004317
0.826998
0.754738
0.748817
0.839278
0.782368
0.740714
0.748689
0.870252
0.828959
0.849699
0.862843
0.783427
0.840587
0.837051
0.851221
0.745525
0.691123
0.834758
0.773083
0.755214
0.838764
0.752180
0.937277
0.772315
0.950062
0.989666
0.851781
0.837466
0.978164
0.732978
0.699858
0.867029
0.945803
0.794925
0.756245
0.772420
0.869475
0.765413
0.794613
0.523995
0.738309
0.773529
0.787394
0.878485
0.828438
0.773309
0.694264
0.679751
0.599168
0.732237
0.757105
0.763417
0.755587
0.994257
0.802728
0.969025
0.899005
0.724569
0.866077
0.667464
0.638115
0.690194
1.079692
0.786333
0.808089
0.908078
1.032593
0.593971
0.801757
0.789033
0.861242
0.728990
0.790542
0.765251
0.795377
0.635650
0.795432
0.657666
0.870768
0.695856
0.838674
0.734546
0.737779
0.676566
0.774299
0.855347
0.779030
0.818016
0.732287
0.641180
0.816943
0.650381
0.816756
0.726039
0.817486
0.750143
0.712227
0.813916
0.762319
0.697442
0.718696
0.799509
0.781395
0.770813
0.741896
0.804109
0.701049
0.839314
0.705249
0.683025
0.878909
0.783714
0.843518
0.911401
0.940731
0.792996
0.890430
0.758484
0.616003
0.922039
0.752280
0.807483
0.726555
0.919517
0.811144
0.763361
0.751418
0.670262
0.763166
0.834925
0.819444
0.778237
0.638586
0.840511
0.762612
0.869130
0.729544
0.824962
0.811834
0.661333
0.601033
0.606439
0.755007
0.829845
0.738153
0.823956
0.777573
0.772839
0.663692
0.615476
0.859721
0.985931
0.616909
0.784353
0.818035
0.762916
0.759338
0.788215
0.898132
0.707131
0.866351
0.699667
0.703780
0.717994
0.728086
0.789647
0.644418
0.871613
0.751244
0.923347
0.769510
0.871974
0.760691
0.756290
0.967772
0.760374
0.843323
0.779288
0.768468
0.833536
0.697362
0.707135
0.752206
0.689974
0.733603
0.685282
0.850227
0.764048
0.865101
0.744036
0.814816
0.906930
0.770435
0.867673
0.947486
0.847131
0.871708
0.668285
0.729307
0.857141
0.797610
0.684373
0.770595
0.818721
0.764956
0.745708
0.776590
0.867183
0.680894
0.671781
0.862966
0.916477
0.863012
0.753909
0.669684
0.710463
0.841092
0.709656
0.597268
0.727369
0.844310
0.776245
0.796805
0.702000
0.795289
0.707278
0.867631
0.732852
0.930828
0.764824
0.920556
0.946471
0.843975
0.763928
0.838437
0.808644
0.719298
0.861225
0.739583
0.873521
0.773744
0.558955
0.958575
0.899048
0.888162
0.737202
0.695139
0.680262
0.638280
0.828265
0.618476
0.961098
0.696534
0.751204
0.784248
0.763134
0.786139
0.536416
0.777009
0.616784
1.041008
0.893218
0.687327
1.014089
0.691619
0.863674
0.807603
0.816551
0.806204
0.898911
0.998018
0.839813
0.738634
0.765383
0.883944
0.746687
1.019241
0.761730
0.852901
0.898399
0.917455
0.749957
0.855962
0.722338
0.773643
0.914452
0.764506
0.876816
0.539792
0.794658
0.813696
0.862946
0.848442
0.865588
0.532404
0.872337
0.784101
0.913279
0.846858
0.963888
0.681174
0.810896
0.850768
0.701001
0.672573
0.875265
0.688334
0.788627
0.707116
0.711840
0.764054
0.833143
0.821472
0.767468
0.706897
0.854036
0.663236
0.688312
0.620110
0.875911
0.994662
0.697918
0.685741
0.808527
0.843253
0.684461
0.721605
0.738791
0.837783
0.809969
0.952727
0.819934
0.714942
0.860877
0.882860
0.725767
0.741105
0.951530
0.737468
0.726483
0.692770
0.737082
0.692757
0.758408
0.866242
0.687529
0.763606
0.762894
0.795785
0.732540
0.844310
0.834971
0.904657
0.761476
0.653113
0.828834
0.707695
0.853015
0.695668
0.566387
0.557932
0.845667
0.523966
0.642866
0.715574
0.901147
1.019494
0.744247
0.717870
0.682918
0.854179
0.913725
0.695909
0.805846
0.741375
0.593419
0.864060
0.826385
0.765442
0.984382
0.890076
0.831203
0.851830
0.686427
0.786720
0.840120
0.674578
0.673842
0.830818
0.869816
0.685924
0.759853
0.870960
0.826932
0.775265
0.782811
0.787218
0.604163
0.866901
0.748100
0.667652
0.944001
0.648216
0.932402
0.676314
0.802291
0.782901
0.859622
0.924234
0.769983
0.732902
0.716063
0.689696
0.836657
0.753586
0.743410
0.858532
0.771199
0.918058
0.936148
1.015721
0.669643
0.753802
0.610515
0.838734
0.867590
0.919241
0.747951
0.710604
0.937869
0.758349
0.870424
0.784340
0.759556
0.749569
0.778580
0.767548
0.866105
0.911161
0.736731
0.664558
0.782811
0.722785
0.660115
0.837045
0.697028
0.696084
0.819471
0.818394
0.837899
0.776576
0.519485
0.798313
0.816301
0.869444
0.785525
0.901556
0.723351
0.984919
0.752091
0.667462
0.899400
0.796588
0.748135
0.971857
0.926143
0.640742
0.905262
0.823187
0.780057
0.878236
0.782950
1.024765
0.857810
0.617122
0.823117
0.712084
0.697488
0.635978
0.781506
0.917575
0.653385
0.833380
0.669456
0.766530
0.720327
0.807399
0.842874
0.783870
0.775757
0.717284
0.670590
0.645891
0.742070
0.547739
0.795229
0.753117
0.679095
0.700661
0.890223
0.847164
0.663654
0.803047
0.915731
0.729885
0.740165
0.613999
0.627945
0.787058
0.882447
0.750657
0.911073
0.805014
0.850952
0.926077
0.932910
0.596379
0.699960
0.940597
0.760225
0.669299
0.822441
1.065987
0.800771
0.726375
0.643300
0.806166
0.899501
0.868698
0.915074
0.732576
0.923345
1.003914
0.900089
0.634386
0.847613
0.748332
0.727401
0.715453
0.663101
0.734518
0.677633
0.827801
0.745332
0.777945
0.502698
0.800337
0.877672
0.786624
0.658846
0.749165
0.661528
0.923515
0.632368
0.765156
0.830195
0.810606
0.952929
0.790149
1.014590
0.565337
0.691803
0.764419
0.704181
0.714803
0.646141
0.835812
0.685513
0.840112
0.862486
0.620819
0.809707
0.608187
0.834211
0.753497
0.719499
0.791119
0.761879
0.699846
0.803912
0.727876
0.731231
0.560459
0.691001
0.647784
0.862855
0.634193
0.617290
0.722299
0.552566
0.832999
0.900994
0.655639
0.744844
0.705437
0.720552
0.631657
0.746743
0.866974
0.615002
0.879177
0.720506
0.719628
0.814711
0.712669
0.723777
0.828371
0.620494
0.780282
0.818167
0.661194
0.787949
0.634532
0.928676
0.679732
0.714199
0.515564
0.819207
0.840776
0.582082
0.685997
0.771096
0.566469
0.732332
0.899537
0.905685
0.616908
0.841838
0.733072
1.040699
0.743925
0.664959
0.787211
0.831496
0.666352
0.770392
0.971150
0.669233
0.751780
0.639820
0.793133
0.910190
0.639030
0.740147
0.733728
0.847499
0.849842
1.003949
0.730144
0.718621
0.716222
0.672757
0.907666
0.699305
0.875790
0.784872
0.669248
0.818718
0.740616
0.765449
0.819828
0.665100
0.753623
0.812821
0.688628
0.686079
0.762982
0.909208
0.674246
0.694232
0.733670
0.751728
0.569023
0.871633
0.794987
0.687468
0.716666
0.831419
0.738932
0.738424
0.761990
0.885167
0.862014
0.753747
0.872940
0.681545
0.720026
0.804824
0.792859
0.591204
0.900882
0.764949
0.802868
0.720831
0.710061
0.732742
1.038602
0.668822
0.966796
0.805456
0.753155
0.758772
0.756139
0.915588
0.703138
0.585285
0.735080
0.898766
0.625647
0.706008
0.600994
0.657127
0.696069
0.672275
0.694223
0.786829
0.973121
0.902877
0.699735
0.767417
0.868355
0.784899
0.724342
0.776484
0.656166
0.665902
0.686256
0.886648
0.618381
0.609409
0.678761
0.719225
0.605045
0.965581
0.693066
0.872827
0.782598
0.916310
0.924979
0.805080
0.798674
1.004563
0.828731
0.856575
0.689073
0.791621
0.746928
0.566324
0.722029
0.725369
0.760344
0.718762
0.847935
0.687934
0.760894
0.712673
0.673772
0.796548
0.781831
0.777286
0.719316
0.869612
0.692379
0.889288
0.759800
0.595315
0.678170
0.619400
0.766159
0.858716
0.717728
0.752717
0.649788
0.792781
0.681936
0.735243
0.618654
0.691798
0.826179
0.828320
0.862711
0.780668
0.736178
0.794165
0.687865
0.828985
0.782950
0.845115
0.745898
0.837927
0.747114
0.702709
0.757664
0.621244
0.724563
0.789795
0.596417
0.979204
0.688283
0.730136
0.863853
0.697872
0.792365
0.667092
0.741244
0.631642
0.796103
0.661650
0.754775
0.724923
0.857878
0.673234
0.724981
0.841759
0.858185
0.616860
0.790683
0.681390
0.698626
0.879443
0.677067
0.687946
0.681215
0.988613
0.734853
0.678550
0.671454
0.903004
0.656941
0.698868
0.684944
1.039963
0.860531
0.718368
0.664853
1.032403
0.790211
0.751295
0.654416
0.768842
0.568188
0.631297
0.744929
0.722399
0.789820
0.675308
0.724275
0.595989
0.877634
0.730038
0.727623
0.816402
0.860365
0.722717
0.840561
0.844189
0.846217
0.795696
0.790224
0.706370
0.703526
0.801687
0.954644
0.659382
0.687950
0.718723
0.642679
0.736150
0.857117
0.667122
0.672864
0.687468
0.728375
0.679735
0.749219
0.798792
0.677414
0.696249
0.592324
0.867588
0.686366
0.675737
0.751649
0.738344
0.539664
0.848511
0.800132
0.607432
0.546367
0.726882
0.654170
0.705649
0.789224
0.764589
0.660866
0.869544
0.650237
0.611317
0.700808
0.632459
0.686201
0.867040
0.856540
0.783670
0.721888
0.557960
0.691499
0.705186
0.882255
0.649201
0.816081
0.652381
0.699745
0.912100
0.911045
0.659178
0.870022
0.781345
0.895713
0.837745
0.847746
0.746756
0.698475
0.727799
0.656456
0.664648
0.888031
0.666206
0.823323
0.767482
0.928678
0.628881
0.691806
0.728673
0.795145
0.730702
0.901481
0.642863
0.703863
0.806624
0.689902
0.594806
0.771350
0.793542
0.730279
0.640190
0.705625
0.700803
0.802163
0.773409
0.848309
0.727192
0.984926
0.591387
0.622695
0.703573
0.818180
0.841801
0.682920
0.833981
0.825204
0.697488
0.755223
0.727489
0.883216
0.723589
0.753881
0.778903
0.658419
1.011896
0.815524
0.710606
0.597875
0.824442
0.830791
0.863459
0.731835
0.664320
0.817542
0.682979
0.841478
0.789391
0.772894
0.862643
0.622816
0.776981
0.846739
0.853606
0.832387
0.828912
0.723006
0.634148
0.682061
0.759150
0.820246
0.551573
0.946147
0.898888
0.903527
0.537000
0.637664
0.917511
0.884543
0.782455
0.800680
0.824383
0.643126
0.751050
0.796784
0.833866
0.687773
0.718339
0.782843
0.807240
0.784282
0.933421
0.965958
0.914903
0.699148
0.827571
0.780012
0.840482
0.719920
0.810496
0.909050
0.829311
0.683227
0.733796
0.834099
0.722216
0.699090
0.732561
0.913721
0.818409
0.670233
0.716953
0.866462
0.871304
0.708955
0.786842
0.638466
0.785936
0.816605
0.689441
0.704541
0.784425
0.624352
0.785820
0.822077
0.918593
0.743186
0.787716
0.772632
0.741840
0.629045
0.807426
0.675038
0.760518
0.679174
0.782816
0.765692
0.720174
0.894678
0.901446
0.647860
0.693279
0.745598
0.861286
0.839566
0.741858
0.745995
0.832011
0.829862
0.763849
0.721680
0.609395
0.871510
0.592395
0.660661
0.805284
0.769509
0.719102
0.749986
0.680961
0.653243
0.795229
0.881552
0.716897
0.665254
0.899727
0.664124
0.648688
0.915834
0.921614
0.770930
0.973072
0.680786
0.874369
0.753619
0.743665
0.755250
0.754181
0.808640
0.910636
0.766147
0.819769
0.863823
0.701809
0.725946
0.692847
0.858271
0.770405
0.840015
0.881136
0.607552
0.522592
0.721875
0.664349
0.769118
0.716711
0.717787
0.633825
0.742591
0.893683
0.852431
0.807134
0.994206
0.841651
0.543563
0.636030
0.672646
0.830427
0.749057
0.822339
0.649555
0.805609
0.735647
0.745176
0.744800
0.688128
0.709605
0.820191
0.841611
0.703171
0.748750
0.783483
0.747595
0.702834
0.656267
0.737508
0.862092
0.583999
0.834235
0.679751
0.517978
0.788008
0.615159
0.824571
0.732880
0.656476
0.741656
0.854442
0.776881
0.757953
0.835325
0.598894
0.689791
0.680124
0.904306
0.920781
0.766179
0.760629
0.779362
0.698605
0.757869
0.640904
0.791074
0.908472
0.829782
0.656863
0.583962
0.703451
0.633525
0.627072
0.799621
0.874323
0.617427
0.583143
0.814297
0.718269
0.879073
0.623126
0.767717
0.600440
0.778082
0.626536
0.597501
0.922283
0.630522
0.936936
0.719446
0.659533
0.662163
0.814968
0.732909
0.625061
0.520524
0.616739
0.683163
0.914247
0.792088
0.636071
0.606035
0.652654
0.784370
0.812910
0.707728
0.935142
0.791179
0.911310
0.640434
0.918954
0.880390
0.770233
0.720346
0.726089
0.921155
0.625858
0.805016
0.567453
